You are playing: MyStrategy
You won this match
Your game win count:       27
Opponent game win count:    3
Put the 4 lines between the """ characters in a file to watch a replay
You are the red player in the closest scoring round replay from this match:
"""
20
1646374047319
1,3,1,3,4,4,4,5,0,2,2,2,0,0,0,0,2,4,4,4,5,2,2,0,2,4,4,4,5,2,4,4,4,5,1,1,4,4,5,1,3,3,3,1,3,3,3,1,2,2,1,2,1,1,2,1,8,8,8,8,1,2,1,4,4,5,1,4,5,1,4,5,3,4,5,0,4,5,1,1,2,2,2,2,2,2,3,3,3,3,0,0,0,0,3,8,8,2,2,2,4,4,4,5,0,2,2,2,2,4,4,4,5,2,4,4,4,5,2,0,4,4,4,5,1,1,3,1,4,4,4,5,3,3,1,1,3,1,3,3,3,0,0,0,3,0,3,8,8,8,1,1,1,1,1,4,4,5,1,4,4,5,2,4,4,5,2,4,4,5,0,4,4,5,2,2,0,2,0,3,0,0,0,3,3,3,3,8,8,3,3,4,5,0,4,5,2,2,0,0,0,0,0,4,4,4,5,2,0,0,0,4,4,4,5,0,2,4,4,4,5,3,1,1,1,1,3,3,3,3,3,3,1,2,2,2,1,1,1,1,2,8,8,8,0,0,3,0,4,4,5,3,4,4,5,0,0,4,4,5,3,0,4,4,5,2,2,2,2,2,2,2,2,2,2,2,2,2,2,2,2,2,2,2,2,2,2,2,2,2,2,2,2,2,2,2,2,2,2,2,2,2,2,2,2,2,2,2,2,2,2,2,2,2,2,2,2,2,2,2,2,2,2,2,2,2,2,2,2,2,2,2,2,2,2,2,2,2,2,2,2,2,2,2,2,2,2,2,2,2,2,2,2,2,2,2,2,2,2,2,2,2,2,2,2,2,2,2,2,2,2,2,2,2,2,2,2,2,2,2,2,2,2,2,2,2,2,2,2,2,2,2,2,2,2,2,2,2,2,2,2,2,2,2,2,2,2,2,2,2,2,2,2,2,2,2,2,2,2,2,2,2,2,2,2,2,2,2,2,2,2,2,2,2,2,2,2,2,2,2,2,2,2,2,2,2,2,2,2,2,2,2,2,2,2,2,2,2,2,2,2,2,2,2,2,2,2,2,2,2,2,2,2,2,2,2,2,2,2,2,2,2,2,2,2,2,2,2,2,2,2,2,2,2,2,2,2,2,2,2,2,2,2,2,2,2,2,2,2,2,2,2,2,2,2,2,2,2,2,2,2,2,2,2,2,2,2,2,2,2,2,2,2,2,2,2,2,2,2,2,2,2,2,2,2,2,2,2,2,2,2,2,2,2,2,2,2,2,2,2,2,2,2,2,2,2,2,2,2,2,2,2,2,2,2,2,2,2,2,2,2,2,2,2,2,2,2,2,2,2,2,2,2,2,2,2,2,2,2,2,2,2,2,2,2,2,2,2,2,2,2,2,2,2,2,2,2,2,2,2,2,2,2,2,2,2,2,2,2,2,2,2,2,2,2,2,2,2,2,2,2,2,2,2,2,2,2,2,2,2,2,2,2,2,2,2,2,2,2,2,2,2,2,2,2,2,2,2,2,2,2,2,2,2,2,2,2,2,2,2,2,2,2,2,2,2,2,2,2,2,2,2,2,2,2,2,2,2,2,2,2,2,2,2,2,2,2,2,2,2,2,2,2,2,2,2,2,2,2,2,2,2,2,2,2,2,2,2,2,2,2,2,2,2,2,2,2,2,2,2,2,2,2,2,2,2,2,2,2,2,2,2,2,2,2,2,2,2,2,2,2,2,2,2,2,2,2,2,2,2,2,2,2,2,2,2,2,2,2,2,2,2,2,2,2,2,2,2,2,2,2,2,2,2,2,2,2,2,2,2,2,2,2,2,2,2,2,2,2,2,2,2,2,2,2,2,2,2,2,2,2,2,2,2,2,2,2,2,2,2,2,2,2,2,2,2,2,2,2,2,2,2,2,2,2,2,2,2,2,2,2,2,2,2,2,2,2,2,2,2,2,2,2,2,2,2,2,2,2,2,2,2,2,2,2,2,2,2,2,2,2,2,2,2,2,2,2,2,2,2,2,2,2,2,2,2,2,2,2,2,2,2,2,2,2,2,2,2,2,2,2,2,2,2,2,2,2,2,2,2,2,2,2,2,2,2,2,2,2,2,2,2,2,2,2,2,2,2,2,2,2,2,2,2,2,2,2,2,2,2,2,2,2,2,2,2,2,2,2,2,2,2,2,2,2,2,2,2,2,2,2,2,2,2,2,2,2,2,2,2,2,2,2,2,2,2,2,2,2,2,2,2,2,2,2,2,2,2,2,2
2,4,4,4,5,1,4,4,4,5,2,2,1,4,4,4,5,1,4,4,4,5,1,4,4,4,5,0,3,0,3,0,3,0,3,4,4,5,3,4,4,5,1,1,4,4,5,1,1,1,4,4,5,2,4,4,5,0,0,0,0,2,0,1,1,1,3,1,4,5,3,4,5,3,4,5,1,4,5,1,1,4,5,3,3,3,3,3,1,3,1,3,1,1,2,1,2,1,4,4,4,5,2,2,4,4,4,5,1,4,4,4,5,2,4,4,4,5,2,2,2,2,0,2,0,2,0,4,4,4,5,3,3,3,3,3,3,3,3,3,0,0,0,2,0,2,2,2,2,2,0,0,8,8,8,8,8,8,8,8,8,3,1,3,1,3,1,3,1,2,4,4,5,0,4,4,5,2,2,0,4,5,0,4,5,3,4,5,1,3,1,3,1,2,0,0,2,2,2,2,2,2,2,2,2,2,2,1,4,4,4,5,2,1,4,4,4,5,0,0,0,0,0,0,0,0,3,0,3,0,3,1,1,1,4,4,5,1,1,4,4,5,1,4,4,5,2,0,2,0,4,4,5,0,0,0,0,0,4,4,5,3,3,1,0,4,4,4,5,8,8,8,8,8,8,8,8,8,8,8,8,8,8,8,8,8,8,8,8,8,8,8,8,8,8,8,8,8,8,8,8,8,8,8,8,8,8,8,8,8,8,8,8,8,8,8,8,8,8,8,8,8,8,8,8,8,8,8,8,8,8,8,8,8,8,8,8,8,8,8,8,8,8,8,8,8,8,8,8,8,8,8,8,8,8,8,8,8,8,8,8,8,8,8,8,8,8,8,8,8,8,8,8,8,8,8,8,8,8,8,8,8,8,8,8,8,8,8,8,8,8,8,8,8,8,8,8,8,8,8,8,8,8,8,8,8,8,8,8,8,8,8,8,8,8,8,8,8,8,8,8,8,8,8,8,8,8,8,8,8,8,8,8,8,8,8,8,8,8,8,8,8,8,8,8,8,8,8,8,8,8,8,8,8,8,8,8,8,8,8,8,8,8,8,8,8,8,8,8,8,8,8,8,8,8,8,8,8,8,8,8,8,8,8,8,8,8,8,8,8,8,8,8,8,8,8,8,8,8,8,8,8,8,8,8,8,8,8,8,8,8,8,8,8,8,8,8,8,8,8,8,8,8,8,8,8,8,8,8,8,8,8,8,8,8,8,8,8,8,8,8,8,8,8,8,8,8,8,8,8,8,8,8,8,8,8,8,8,8,8,8,8,8,8,8,8,8,8,8,8,8,8,8,8,8,8,8,8,8,8,8,8,8,8,8,8,8,8,8,8,8,8,8,8,8,8,8,8,8,8,8,8,8,8,8,8,8,8,8,8,8,8,8,8,8,8,8,8,8,8,8,8,8,8,8,8,8,8,8,8,8,8,8,8,8,8,8,8,8,8,8,8,8,8,8,8,8,8,8,8,8,8,8,8,8,8,8,8,8,8,8,8,8,8,8,8,8,8,8,8,8,8,8,8,8,8,8,8,8,8,8,8,8,8,8,8,8,8,8,8,8,8,8,8,8,8,8,8,8,8,8,8,8,8,8,8,8,8,8,8,8,8,8,8,8,8,8,8,8,8,8,8,8,8,8,8,8,8,8,8,8,8,8,8,8,8,8,8,8,8,8,8,8,8,8,8,8,8,8,8,8,8,8,8,8,8,8,8,8,8,8,8,8,8,8,8,8,8,8,8,8,8,8,8,8,8,8,8,8,8,8,8,8,8,8,8,8,8,8,8,8,8,8,8,8,8,8,8,8,8,8,8,8,8,8,8,8,8,8,8,8,8,8,8,8,8,8,8,8,8,8,8,8,8,8,8,8,8,8,8,8,8,8,8,8,8,8,8,8,8,8,8,8,8,8,8,8,8,8,8,8,8,8,8,8,8,8,8,8,8,8,8,8,8,8,8,8,8,8,8,8,8,8,8,8,8,8,8,8,8,8,8,8,8,8,8,8,8,8,8,8,8,8,8,8,8,8,8,8,8,8,8,8,8,8,8,8,8,8,8,8,8,8,8,8,8,8,8,8,8,8,8,8,8,8,8,8,8,8,8,8,8,8,8,8,8,8,8,8,8,8,8,8,8,8,8,8,8,8,8,8,8,8,8,8,8,8,8,8,8,8,8,8,8,8,8,8,8,8,8,8,8,8,8,8,8,8,8,8,8,8,8,8,8,8,8,8,8,8,8,8,8,8,8,8,8,8,8,8,8
"""

You are playing: Alan Santiago
You won this match
Your game win count:       16
Opponent game win count:   14
Put the 4 lines between the """ characters in a file to watch a replay
You are the blue player in the closest scoring round replay from this match:
"""
20
1646374208794
3,3,4,4,4,5,1,4,4,4,5,2,4,4,5,1,2,4,4,5,1,2,4,5,0,0,0,3,1,2,4,4,5,1,2,4,4,5,1,4,5,1,3,4,5,1,4,5,0,0,0,0,0,3,0,3,3,4,4,4,5,0,2,4,4,4,5,1,2,2,2,4,4,5,1,1,2,4,5,1,4,5,0,0,3,3,3,1,1,1,1,3,4,5,1,4,4,5,1,2,4,4,5,1,4,4,5,1,3,4,4,5,0,0,0,0,0,1,1,1,2,2,2,2,2,8,8,8,8,8,8,8,8,0,0,0,0,0,0,3,3,3,3,1,1,1,3,3,3,4,4,4,5,1,4,4,4,5,3,4,4,4,5,1,4,4,4,5,1,2,2,2,2,2,4,5,0,0,0,0,0,0,3,0,2,2,2,2,2,4,5,0,0,3,4,5,1,1,1,1,1,1,4,5,1,3,4,5,1,3,4,5,0,0,0,0,0,3,3,1,1,2,1,1,1,1,2,2,2,8,8,8,8,8,8,8,8,3,4,5,3,4,5,1,4,5,1,4,4,5,3,4,4,5,0,0,0,0,0,0,0,0,3,1,1,2,2,2,2,2,4,5,2,4,5,0,4,5,2,4,5,1,4,5,0,0,3,3,3,3,3,3,3,1,1,1,1,1,1,1,2,2,2,4,5,1,2,4,5,1,4,5,2,4,5,0,4,5,1,1,2,2,2,2,2,0,4,4,5,3
2,4,4,4,5,0,4,4,4,5,0,3,0,4,4,4,5,1,3,3,3,4,4,4,5,1,2,1,1,1,1,1,1,4,4,4,5,0,0,2,0,0,0,2,3,1,1,1,1,1,3,3,3,3,8,8,8,8,0,0,0,0,0,4,4,5,3,4,4,5,3,0,3,3,3,4,4,5,2,2,2,2,2,2,4,4,5,0,4,4,5,1,1,1,1,4,4,5,2,0,2,0,1,3,1,1,1,3,3,3,3,1,8,8,8,8,3,3,1,1,1,4,4,4,5,3,3,1,4,4,4,5,3,1,1,4,4,4,5,0,0,3,3,4,4,4,5,3,1,4,4,4,5,0,0,0,0,0,0,4,4,4,5,1,3,3,3,3,3,4,4,4,5,2,2,1,1,1,1,2,1,2,2,2,2,2,2,2,4,4,4,5,0,4,5,0,4,5,0,4,5,2,4,5,0,0,0,0,2,2,0,2,0,0,3,1,3,1,3,3,1,3,1,1,8,8,8,8,8,8,8,1,1,1,1,1,4,4,5,1,1,4,4,5,1,4,4,4,5,2,2,4,4,4,5,2,2,4,4,4,5,3,0,0,3,3,0,3,3,3,3,3,3,2,2,0,0,0,0,2,2,8,8,8,2,2,2,2,2,2,2,2,2,4,4,4,5,3,1,1,4,4,4,5,1,4,4,4,5,1,4,4,4,5,3,4,4,4,5,3,0,0,0,0,0,0,0,0,0,0
"""

You are playing: my stg
You lost this match
Your game win count:        1
Opponent game win count:   29
Put the 4 lines between the """ characters in a file to watch a replay
You are the blue player in the closest scoring round replay from this match:
"""
24
1646374361410
3,3,4,4,4,5,3,1,4,4,4,5,1,1,4,4,4,5,3,1,1,4,4,4,5,3,4,4,4,5,2,2,2,2,2,0,0,0,0,0,1,4,4,5,1,4,4,5,3,1,4,4,5,1,1,4,4,5,3,4,4,5,2,2,0,0,0,0,0,2,4,5,2,1,1,1,4,5,1,4,5,3,1,4,5,1,4,5,3,0,0,0,0,0,0,3,0,0,4,4,5,0,4,4,4,5,2,2,2,0,4,4,4,5,2,2,2,2,4,4,4,5,1,1,4,4,5,3,3,3,3,2,2,2,1,1,1,1,1,1,1,1,8,8,8,8,8,8,8,8,8,0,3,3,3,3,3,0,0,0,0,0,2,1,1,1,1,4,4,5,2,1,1,4,5,1,4,5,2,4,5,0,4,5,3,3,3,0,0,0,0,0,0,2,2,1,1,1,1,1,4,4,4,5,2,1,1,3,3,3,3,3,3,4,4,4,5,3,0,4,4,4,5,3,1,1,4,4,4,5,2,8,3,2,3,2,2,0,2,2,2,0,0,0,0,0,0,0,2,2,2,2,2,1,1,1,1,1,1,8,8,8,8,8,8,8,8,8,8,3,2,3,2,3,2,3,2,3,2,3,2,3,2,3,2,3,2,3,2,3,2,3,2,3,2,3,2,3,2,3,2,3,2,3,2,3,2,3,2,3,2,3,2,3,2,3,2,3,2,3,2,3,2,3,2,3,2,3,2,3,2,3,2,3,2,3,2,3,2,3,2,3,2,3,2,3,2,3,2,3,2,3,2,3,2,3,2,3,2,3,2,3,2,3,2,3,2,3,2,3,2,3,2,3,2,3,2,3,2,3,2,3,2,3,2,3,2,3,2,3,2,3,2,3,2,3,2,3,2,3,2,3,2,3,2,3,2,3,2,3,2,3,2,3,2,3,2,3,2,3,2,3,2,3,2,3,2,3,2,3,2,3,2,3,2,3,2,3,2,3,2,3,2,3,2,3,2,3,2,3,2,3,2,3,2,3,2,3,2,3,2,3,2,3,2,3,2,3,2,3,2,3,2,3,2,3,2,3,2,3,2,3,2,3,2,3,2,3,2,3,2,3,2,3,2,3,2,3,2,3,2,3,2,3,2,3,2,3,2,3,2,3,2,3,2,3,2,3,2,3,2,3,2,3,2,3,2,3,2,3,2,3,2,3,2,3,2,3,2,3,2,3,2,3,2,3,2,3,2,3,2,3,2,3,2,3,2,3,2,3,2,3,2,3,2,3,2,3,2,3,2,3,2,3,2,3,2,3,2,3,2,3,2,3,2,3,2,3,2,3,2,3,2,3,2,3,2,3,2,3,2,3,2,3,2,3,2,3,2,3,2,3,2,3,2,3,2,3,2,3,2,3,2,3,2,3,2,3,2,3,2,3,2,3,2,3,2,3,2,3,2,3,2,3,2,3,2,3,2,3,2,3,2,3,2,3,2,3,2,3,2,3,2,3,2,3,2,3,2,3,2,3,2,3,2,3,2,3,2,3,2,3,2,3,2,3,2,3,2,3,2,3,2,3,2,3,2,3,2,3,2,3,2,3,2,3,2,3,2,3,2,3,2,3,2,3,2,3,2,3,2,3,2,3,2,3,2,3,2,3,2,3,2,3,2,3,2,3,2,3,2,3,2,3,2,3,2,3,2,3,2,3,2,3,2,3,2,3,2,3,2,3,2,3,2,3,2,3,2,3,2,3,2,3,2,3,2,3,2,3,2,3,2,3,2,3,2,3,2,3,2,3,2,3,2,3,2,3,2,3,2,3,2,3,2,3,2,3,2,3,2,3,2,3,2,3,2,3,2,3,2,3,2,3,2,3,2,3,2,3,2,3,2,3,2,3,2,3,2,3,2,3,2,3,2,3,2,3,2,3,2,3,2,3,2,3,2,3,2,3,2,3,2,3,2,3,2,3,2,3,2,3,2,3,2,3,2,3,2,3,2,3,2,3,2,3,2,3,2,3,2,3,2,3,2,3,2,3,2,3,2,3,2,3,2,3,2,3,2,3,2,3,2,3,2,3,2,3,2,3,2,3,2,3,2,3,2,3,2,3,2,3,2,3,2,3,2,3,2,3,2,3,2,3,2,3,2,3,2,3,2,3,2,3,2,3,2,3,2,3,2,3,2,3,2,3,2,3,2,3,2,3,2,3,2,3,2,3,2,3,2,3,2,3,2,3,2,3,2,3,2,3,2,3,2,3,2,3,2,3
0,4,4,4,5,1,1,4,4,4,5,3,3,4,4,4,5,1,1,2,4,4,4,5,1,1,3,3,4,4,4,5,1,1,1,1,4,4,4,5,0,0,2,2,2,0,0,0,0,0,0,0,3,3,3,3,1,3,1,3,1,1,1,1,8,8,8,8,0,0,0,4,5,0,4,5,0,4,5,1,2,4,5,1,4,5,2,0,2,0,0,2,2,2,3,3,3,1,1,1,1,3,1,3,1,3,8,8,8,1,1,1,4,4,4,5,1,4,4,4,5,3,1,4,4,4,5,1,4,4,4,5,3,3,1,4,4,4,5,0,3,3,3,0,0,0,0,0,2,2,2,2,2,8,8,3,3,3,3,4,4,5,3,0,4,4,5,3,1,4,4,5,2,1,1,2,1,2,4,4,5,1,4,4,5,1,3,3,0,2,2,2,2,2,0,0,0,0,8,8,8,3,1,3,4,4,4,5,0,3,3,3,3,3,3,3,3,3,3,4,4,4,5,1,1,1,4,4,4,5,3,0,4,4,4,5,2,1,2,1,4,4,4,5,1,1,1,2,1,4,4,4,5,0,0,2,0,2,2,2,2,0,2,0,0,0,0,8,8,8,8,0,0,0,0,0,0,0,0,0,0,0,0,0,0,0,0,0,0,0,0,0,0,0,0,0,0,0,0,0,0,0,0,0,0,0,0,0,0,0,0,0,0,0,0,0,0,0,0,0,0,0,0,0,0,0,0,0,0,0,0,0,0,0,0,0,0,0,0,0,0,0,0,0,0,0,0,0,0,0,0,0,0,0,0,0,0,0,0,0,0,0,0,0,0,0,0,0,0,0,0,0,0,0,0,0,0,0,0,0,0,0,0,0,0,0,0,0,0,0,0,0,0,0,0,0,0,0,0,0,0,0,0,0,0,0,0,0,0,0,0,0,0,0,0,0,0,0,0,0,0,0,0,0,0,0,0,0,0,0,0,0,0,0,0,0,0,0,0,0,0,0,0,0,0,0,0,0,0,0,0,0,0,0,0,0,0,0,0,0,0,0,0,0,0,0,0,0,0,0,0,0,0,0,0,0,0,0,0,0,0,0,0,0,0,0,0,0,0,0,0,0,0,0,0,0,0,0,0,0,0,0,0,0,0,0,0,0,0,0,0,0,0,0,0,0,0,0,0,0,0,0,0,0,0,0,0,0,0,0,0,0,0,0,0,0,0,0,0,0,0,0,0,0,0,0,0,0,0,0,0,0,0,0,0,0,0,0,0,0,0,0,0,0,0,0,0,0,0,0,0,0,0,0,0,0,0,0,0,0,0,0,0,0,0,0,0,0,0,0,0,0,0,0,0,0,0,0,0,0,0,0,0,0,0,0,0,0,0,0,0,0,0,0,0,0,0,0,0,0,0,0,0,0,0,0,0,0,0,0,0,0,0,0,0,0,0,0,0,0,0,0,0,0,0,0,0,0,0,0,0,0,0,0,0,0,0,0,0,0,0,0,0,0,0,0,0,0,0,0,0,0,0,0,0,0,0,0,0,0,0,0,0,0,0,0,0,0,0,0,0,0,0,0,0,0,0,0,0,0,0,0,0,0,0,0,0,0,0,0,0,0,0,0,0,0,0,0,0,0,0,0,0,0,0,0,0,0,0,0,0,0,0,0,0,0,0,0,0,0,0,0,0,0,0,0,0,0,0,0,0,0,0,0,0,0,0,0,0,0,0,0,0,0,0,0,0,0,0,0,0,0,0,0,0,0,0,0,0,0,0,0,0,0,0,0,0,0,0,0,0,0,0,0,0,0,0,0,0,0,0,0,0,0,0,0,0,0,0,0,0,0,0,0,0,0,0,0,0,0,0,0,0,0,0,0,0,0,0,0,0,0,0,0,0,0,0,0,0,0,0,0,0,0,0,0,0,0,0,0,0,0,0,0,0,0,0,0,0,0,0,0,0,0,0,0,0,0,0,0,0,0,0,0,0,0,0,0,0,0,0,0,0,0,0,0,0,0,0,0,0,0,0,0,0,0,0,0,0,0,0,0,0,0,0,0,0,0,0,0,0,0,0,0,0,0,0,0,0,0,0,0,0,0,0,0,0,0,0,0,0,0,0,0,0,0,0,0,0,0,0,0,0,0,0,0,0,0,0,0,0,0,0,0,0,0,0,0,0,0,0,0,0,0,0,0,0,0,0,0,0,0,0,0,0,0,0,0,0,0,0,0,0,0,0,0,0,0,0,0,0,0,0,0,0,0,0,0,0,0
"""

You are playing: Not An Exception
You lost this match
Your game win count:        3
Opponent game win count:   27
Put the 4 lines between the """ characters in a file to watch a replay
You are the red player in the closest scoring round replay from this match:
"""
20
1646374440285
2,2,0,4,4,4,5,2,4,4,4,5,0,0,4,4,4,5,3,4,4,4,5,2,2,2,2,2,2,2,4,4,4,5,3,1,1,1,3,3,3,3,3,3,3,3,2,2,2,1,2,1,1,1,1,8,8,8,8,0,0,0,0,0,4,4,5,1,4,5,1,4,5,2,4,5,0,4,5,3,0,3,3,3,3,1,2,1,2,2,2,1,1,1,8,8,1,1,3,1,1,4,4,5,3,4,4,5,3,0,0,4,4,5,3,0,4,4,5,0,0,0,0,4,4,5,0,0,0,0,0,0,0,0,0,0,0,0,0,0,0,0,0,0,0,0,0,0,0,0,0,0,0,0,0,0,0,0,0,0,0,0,0,0,0,0,0,0,0,0,0,0,0,0,0,0,0,0,0,0,0,0,0,0,0,0,0,0,0,0,0,0,0,0,0,0,0,0,0,0,0,0,0,0,0,0,0,0,0,0,0,0,0,0,0,0,0,0,0,0,0,0,0,0,0,0,0,0,0,0,0,0,0,0,0,0,0,0,0,0,0,0,0,0,0,0,0,0,0,0,0,0,0,0,0,0,0,0,0,0,0,0,0,0,0,0,0,0,0,0,0,0,0,0,0,0,0,0,0,0,0,0,0,0,0,0,0,0,0,0,0,0,0,0,0,0,0,0,0,0,0,0,0,0,0,0,0,0,0,0,0,0,0,0,0,0,0,0,0,0,0,0,0,0,0,0,0,0,0,0,0,0,0,0,0,0,0,0,0,0,0,0,0,0,0,0,0,0,0,0,0,0,0,0,0,0,0,0,0,0,0,0,0,0,0,0,0,0,0,0,0,0,0,0,0,0,0,0,0,0,0,0,0,0,0,0,0,0,0,0,0,0,0,0,0,0,0,0,0,0,0,0,0,0,0,0,0,0,0,0,0,0,0,0,0,0,0,0,0,0,0,0,0,0,0,0,0,0,0,0,0,0,0,0,0,0,0,0,0,0,0,0,0,0,0,0,0,0,0,0,0,0,0,0,0,0,0,0,0,0,0,0,0,0,0,0,0,0,0,0,0,0,0,0,0,0,0,0,0,0,0,0,0,0,0,0,0,0,0,0,0,0,0,0,0,0,0,0,0,0,0,0,0,0,0,0,0,0,0,0,0,0,0,0,0,0,0,0,0,0,0,0,0,0,0,0,0,0,0,0,0,0,0,0,0,0,0,0,0,0,0,0,0,0,0,0,0,0,0,0,0,0,0,0,0,0,0,0,0,0,0,0,0,0,0,0,0,0,0,0,0,0,0,0,0,0,0,0,0,0,0,0,0,0,0,0,0,0,0,0,0,0,0,0,0,0,0,0,0,0,0,0,0,0,0,0,0,0,0,0,0,0,0,0,0,0,0,0,0,0,0,0,0,0,0,0,0,0,0,0,0,0,0,0,0,0,0,0,0,0,0,0,0,0,0,0,0,0,0,0,0,0,0,0,0,0,0,0,0,0,0,0,0,0,0,0,0,0,0,0,0,0,0,0,0,0,0,0,0,0,0,0,0,0,0,0,0,0,0,0,0,0,0,0,0,0,0,0,0,0,0,0,0,0,0,0,0,0,0,0,0,0,0,0,0,0,0,0,0,0,0,0,0,0,0,0,0,0,0,0,0,0,0,0,0,0,0,0,0,0,0,0,0,0,0,0,0,0,0,0,0,0,0,0,0,0,0,0,0,0,0,0,0,0,0,0,0,0,0,0,0,0,0,0,0,0,0,0,0,0,0,0,0,0,0,0,0,0,0,0,0,0,0,0,0,0,0,0,0,0,0,0,0,0,0,0,0,0,0,0,0,0,0,0,0,0,0,0,0,0,0,0,0,0,0,0,0,0,0,0,0,0,0,0,0,0,0,0,0,0,0,0,0,0,0,0,0,0,0,0,0,0,0,0,0,0,0,0,0,0,0,0,0,0,0,0,0,0,0,0,0,0,0,0,0,0,0,0,0,0,0,0,0,0,0,0,0,0,0,0,0,0,0,0,0,0,0,0,0,0,0,0,0,0,0,0,0,0,0,0,0,0,0,0,0,0,0,0,0,0,0,0,0,0,0,0,0,0,0,0,0,0,0,0,0,0,0,0,0,0,0,0,0,0,0,0,0,0,0,0,0,0,0,0,0,0,0,0,0,0,0,0,0,0,0,0,0,0,0,0,0,0,0,0,0,0,0,0,0,0,0,0,0,0,0,0,0,0,0,0,0,0,0,0,0,0,0,0,0,0
1,4,4,5,1,4,4,5,2,4,4,5,2,4,4,4,5,2,1,4,4,4,5,3,3,3,0,0,0,8,3,0,4,4,4,5,2,0,4,4,4,5,2,4,4,4,5,1,1,1,4,4,5,3,3,3,4,4,5,2,2,0,8,3,3,1,1,4,5,1,1,4,5,3,4,5,0,4,4,4,5,3,4,5,2,2,2,2,0,0,0,8,3,3,3,3,4,4,5,0,0,4,4,5,3,4,4,5,3,4,4,5,3,3,1,1,1,4,4,5,3,3,1,1,1,1,1,1,1,1,1,1,1,1,1,1,1,1,1,1,1,1,1,1,1,1,1,1,1,1,1,1,1,1,1,1,1,1,1,1,1,1,1,1,1,1,1,1,1,1,1,1,1,1,1,1,1,1,1,1,1,1,1,1,1,1,1,1,1,1,1,1,1,1,1,1,1,1,1,1,1,1,1,1,1,1,1,1,1,1,1,1,1,1,1,1,1,1,1,1,1,1,1,1,1,1,1,1,1,1,1,1,1,1,1,1,1,1,1,1,1,1,1,1,1,1,1,1,1,1,1,1,1,1,1,1,1,1,1,1,1,1,1,1,1,1,1,1,1,1,1,1,1,1,1,1,1,1,1,1,1,1,1,1,1,1,1,1,1,1,1,1,1,1,1,1,1,1,1,1,1,1,1,1,1,1,1,1,1,1,1,1,1,1,1,1,1,1,1,1,1,1,1,1,1,1,1,1,1,1,1,1,1,1,1,1,1,1,1,1,1,1,1,1,1,1,1,1,1,1,1,1,1,1,1,1,1,1,1,1,1,1,1,1,1,1,1,1,1,1,1,1,1,1,1,1,1,1,1,1,1,1,1,1,1,1,1,1,1,1,1,1,1,1,1,1,1,1,1,1,1,1,1,1,1,1,1,1,1,1,1,1,1,1,1,1,1,1,1,1,1,1,1,1,1,1,1,1,1,1,1,1,1,1,1,1,1,1,1,1,1,1,1,1,1,1,1,1,1,1,1,1,1,1,1,1,1,1,1,1,1,1,1,1,1,1,1,1,1,1,1,1,1,1,1,1,1,1,1,1,1,1,1,1,1,1,1,1,1,1,1,1,1,1,1,1,1,1,1,1,1,1,1,1,1,1,1,1,1,1,1,1,1,1,1,1,1,1,1,1,1,1,1,1,1,1,1,1,1,1,1,1,1,1,1,1,1,1,1,1,1,1,1,1,1,1,1,1,1,1,1,1,1,1,1,1,1,1,1,1,1,1,1,1,1,1,1,1,1,1,1,1,1,1,1,1,1,1,1,1,1,1,1,1,1,1,1,1,1,1,1,1,1,1,1,1,1,1,1,1,1,1,1,1,1,1,1,1,1,1,1,1,1,1,1,1,1,1,1,1,1,1,1,1,1,1,1,1,1,1,1,1,1,1,1,1,1,1,1,1,1,1,1,1,1,1,1,1,1,1,1,1,1,1,1,1,1,1,1,1,1,1,1,1,1,1,1,1,1,1,1,1,1,1,1,1,1,1,1,1,1,1,1,1,1,1,1,1,1,1,1,1,1,1,1,1,1,1,1,1,1,1,1,1,1,1,1,1,1,1,1,1,1,1,1,1,1,1,1,1,1,1,1,1,1,1,1,1,1,1,1,1,1,1,1,1,1,1,1,1,1,1,1,1,1,1,1,1,1,1,1,1,1,1,1,1,1,1,1,1,1,1,1,1,1,1,1,1,1,1,1,1,1,1,1,1,1,1,1,1,1,1,1,1,1,1,1,1,1,1,1,1,1,1,1,1,1,1,1,1,1,1,1,1,1,1,1,1,1,1,1,1,1,1,1,1,1,1,1,1,1,1,1,1,1,1,1,1,1,1,1,1,1,1,1,1,1,1,1,1,1,1,1,1,1,1,1,1,1,1,1,1,1,1,1,1,1,1,1,1,1,1,1,1,1,1,1,1,1,1,1,1,1,1,1,1,1,1,1,1,1,1,1,1,1,1,1,1,1,1,1,1,1,1,1,1,1,1,1,1,1,1,1,1,1,1,1,1,1,1,1,1,1,1,1,1,1,1,1,1,1,1,1,1,1,1,1,1,1,1,1,1,1,1,1,1,1,1,1,1,1,1,1,1,1,1,1,1,1,1,1,1,1,1,1,1,1,1,1,1,1,1,1,1,1,1,1,1,1,1,1,1,1,1,1,1,1,1,1,1,1,1,1,1,1,1,1,1,1,1,1,1,1,1,1,1,1,1,1,1
"""

You are playing: Andrew W
You won this match
Your game win count:       26
Opponent game win count:    4
Put the 4 lines between the """ characters in a file to watch a replay
You are the red player in the closest scoring round replay from this match:
"""
24
1646374547756
0,4,4,4,5,3,0,4,4,4,5,0,2,2,2,2,4,4,4,5,0,4,4,4,5,2,2,2,4,4,4,5,3,3,1,3,3,1,3,1,3,1,1,1,1,2,2,2,2,2,1,1,1,8,8,8,8,0,3,3,4,4,5,0,4,4,5,0,2,0,0,0,4,4,5,1,4,5,1,4,5,0,0,3,3,3,3,1,1,1,2,2,2,1,1,1,2,2,8,8,8,1,3,3,3,4,4,4,5,3,4,4,4,5,0,2,0,0,4,4,4,5,2,0,0,0,0,4,4,4,5,3,1,3,1,3,3,3,4,4,4,5,0,0,2,2,1,2,1,2,2,2,2,1,1,1,1,8,8,8,8,1,1,1,1,1,4,4,5,1,4,4,5,1,4,4,5,1,1,4,4,5,0,3,3,4,4,5,0,0,2,2,2,2,2,2,2,2,2,0,0,0,0,3,0,3,3,3,3,3,8,8,8,8,1,1,4,5,1,4,5,1,4,5,2,4,5,0,2,2,2,2,2,2,2,2,2,2,2,2,2,2,2,2,2,2,2,2,2,2,2,2,2,2,2,2,2,2,2,2,2,2,2,2,2,2,2,2,2,2,2,2,2,2,2,2,2,2,2,2,2,2,2,2,2,2,2,2,2,2,2,2,2,2,2,2,2,2,2,2,2,2,2,2,2,2,2,2,2,2,2,2,2,2,2,2,2,2,2,2,2,2,2,2,2,2,2,2,2,2,2,2,2,2,2,2,2,2,2,2,2,2,2,2,2,2,2,2,2,2,2,2,2,2,2,2,2,2,2,2,2,2,2,2,2,2,2,2,2,2,2,2,2,2,2,2,2,2,2,2,2,2,2,2,2,2,2,2,2,2,2,2,2,2,2,2,2,2,2,2,2,2,2,2,2,2,2,2,2,2,2,2,2,2,2,2,2,2,2,2,2,2,2,2,2,2,2,2,2,2,2,2,2,2,2,2,2,2,2,2,2,2,2,2,2,2,2,2,2,2,2,2,2,2,2,2,2,2,2,2,2,2,2,2,2,2,2,2,2,2,2,2,2,2,2,2,2,2,2,2,2,2,2,2,2,2,2,2,2,2,2,2,2,2,2,2,2,2,2,2,2,2,2,2,2,2,2,2,2,2,2,2,2,2,2,2,2,2,2,2,2,2,2,2,2,2,2,2,2,2,2,2,2,2,2,2,2,2,2,2,2,2,2,2,2,2,2,2,2,2,2,2,2,2,2,2,2,2,2,2,2,2,2,2,2,2,2,2,2,2,2,2,2,2,2,2,2,2,2,2,2,2,2,2,2,2,2,2,2,2,2,2,2,2,2,2,2,2,2,2,2,2,2,2,2,2,2,2,2,2,2,2,2,2,2,2,2,2,2,2,2,2,2,2,2,2,2,2,2,2,2,2,2,2,2,2,2,2,2,2,2,2,2,2,2,2,2,2,2,2,2,2,2,2,2,2,2,2,2,2,2,2,2,2,2,2,2,2,2,2,2,2,2,2,2,2,2,2,2,2,2,2,2,2,2,2,2,2,2,2,2,2,2,2,2,2,2,2,2,2,2,2,2,2,2,2,2,2,2,2,2,2,2,2,2,2,2,2,2,2,2,2,2,2,2,2,2,2,2,2,2,2,2,2,2,2,2,2,2,2,2,2,2,2,2,2,2,2,2,2,2,2,2,2,2,2,2,2,2,2,2,2,2,2,2,2,2,2,2,2,2,2,2,2,2,2,2,2,2,2,2,2,2,2,2,2,2,2,2,2,2,2,2,2,2,2,2,2,2,2,2,2,2,2,2,2,2,2,2,2,2,2,2,2,2,2,2,2,2,2,2,2,2,2,2,2,2,2,2,2,2,2,2,2,2,2,2,2,2,2,2,2,2,2,2,2,2,2,2,2,2,2,2,2,2,2,2,2,2,2,2,2,2,2,2,2,2,2,2,2,2,2,2,2,2,2,2,2,2,2,2,2,2,2,2,2,2,2,2,2,2,2,2,2,2,2,2,2,2,2,2,2,2,2,2,2,2,2,2,2,2,2,2,2,2,2,2,2,2,2,2,2,2,2,2,2,2,2,2,2,2,2,2,2,2,2,2,2,2,2,2,2,2,2,2,2,2,2,2,2,2,2,2,2,2,2,2,2,2,2,2,2,2,2,2,2,2,2,2,2,2,2,2,2,2,2,2,2,2,2,2,2,2,2,2,2,2,2,2,2,2,2,2,2,2,2,2,2,2,2
2,2,4,4,4,5,3,3,2,2,2,4,4,4,5,3,3,3,2,2,1,1,4,4,4,5,3,3,0,4,4,5,0,2,2,2,1,4,4,4,5,3,3,3,0,3,3,4,4,5,0,4,4,5,0,4,4,5,0,4,4,4,5,2,2,1,1,1,2,2,1,1,1,4,4,4,5,3,3,0,0,0,3,3,3,4,4,5,3,4,4,5,3,4,4,5,3,4,4,5,1,4,5,2,2,2,2,2,2,0,3,3,3,3,3,3,1,1,4,5,1,4,5,1,1,1,8,8,8,8,8,8,8,8,2,2,1,1,4,5,1,4,4,4,5,3,4,5,3,3,3,3,3,3,3,1,1,1,3,3,4,4,4,5,2,2,1,1,1,4,4,4,5,0,0,0,3,3,0,0,4,4,4,5,2,4,4,5,2,1,1,3,1,1,1,4,4,4,5,2,0,0,0,2,2,2,2,2,0,0,0,4,5,0,0,8,8,8,8,8,8,2,2,2,1,1,1,4,4,4,5,3,3,3,3,3,3,3,3,3,3,3,3,3,3,3,3,3,3,3,3,3,3,3,3,3,3,3,3,3,3,3,3,3,3,3,3,3,3,3,3,3,3,3,3,3,3,3,3,3,3,3,3,3,3,3,3,3,3,3,3,3,3,3,3,3,3,3,3,3,3,3,3,3,3,3,3,3,3,3,3,3,3,3,3,3,3,3,3,3,3,3,3,3,3,3,3,3,3,3,3,3,3,3,3,3,3,3,3,3,3,3,3,3,3,3,3,3,3,3,3,3,3,3,3,3,3,3,3,3,3,3,3,3,3,3,3,3,3,3,3,3,3,3,3,3,3,3,3,3,3,3,3,3,3,3,3,3,3,3,3,3,3,3,3,3,3,3,3,3,3,3,3,3,3,3,3,3,3,3,3,3,3,3,3,3,3,3,3,3,3,3,3,3,3,3,3,3,3,3,3,3,3,3,3,3,3,3,3,3,3,3,3,3,3,3,3,3,3,3,3,3,3,3,3,3,3,3,3,3,3,3,3,3,3,3,3,3,3,3,3,3,3,3,3,3,3,3,3,3,3,3,3,3,3,3,3,3,3,3,3,3,3,3,3,3,3,3,3,3,3,3,3,3,3,3,3,3,3,3,3,3,3,3,3,3,3,3,3,3,3,3,3,3,3,3,3,3,3,3,3,3,3,3,3,3,3,3,3,3,3,3,3,3,3,3,3,3,3,3,3,3,3,3,3,3,3,3,3,3,3,3,3,3,3,3,3,3,3,3,3,3,3,3,3,3,3,3,3,3,3,3,3,3,3,3,3,3,3,3,3,3,3,3,3,3,3,3,3,3,3,3,3,3,3,3,3,3,3,3,3,3,3,3,3,3,3,3,3,3,3,3,3,3,3,3,3,3,3,3,3,3,3,3,3,3,3,3,3,3,3,3,3,3,3,3,3,3,3,3,3,3,3,3,3,3,3,3,3,3,3,3,3,3,3,3,3,3,3,3,3,3,3,3,3,3,3,3,3,3,3,3,3,3,3,3,3,3,3,3,3,3,3,3,3,3,3,3,3,3,3,3,3,3,3,3,3,3,3,3,3,3,3,3,3,3,3,3,3,3,3,3,3,3,3,3,3,3,3,3,3,3,3,3,3,3,3,3,3,3,3,3,3,3,3,3,3,3,3,3,3,3,3,3,3,3,3,3,3,3,3,3,3,3,3,3,3,3,3,3,3,3,3,3,3,3,3,3,3,3,3,3,3,3,3,3,3,3,3,3,3,3,3,3,3,3,3,3,3,3,3,3,3,3,3,3,3,3,3,3,3,3,3,3,3,3,3,3,3,3,3,3,3,3,3,3,3,3,3,3,3,3,3,3,3,3,3,3,3,3,3,3,3,3,3,3,3,3,3,3,3,3,3,3,3,3,3,3,3,3,3,3,3,3,3,3,3,3,3,3,3,3,3,3,3,3,3,3,3,3,3,3,3,3,3,3,3,3,3,3,3,3,3,3,3,3,3,3,3,3,3,3,3,3,3,3,3,3,3,3,3,3,3,3,3,3,3,3,3,3,3,3,3,3,3,3,3,3,3,3,3,3,3,3,3,3,3,3,3,3,3,3,3,3,3,3,3,3,3,3,3,3,3,3,3,3,3,3,3,3,3,3,3,3,3,3,3,3,3,3,3,3,3,3,3,3,3,3,3,3,3,3,3,3,3,3,3,3,3,3,3,3,3,3,3,3,3,3,3,3
"""

You are playing: We are Winning!
You won this match
Your game win count:       29
Opponent game win count:    1
Put the 4 lines between the """ characters in a file to watch a replay
You are the blue player in the closest scoring round replay from this match:
"""
20
1646374632670
1,4,4,5,3,4,4,4,5,1,4,4,5,3,4,4,4,5,3,4,4,4,5,2,2,2,0,0,0,4,5,2,4,4,4,5,0,0,4,4,4,5,3,3,1,4,4,4,5,3,3,1,1,1,4,4,4,5,2,2,2,0,2,2,4,4,5,1,4,4,5,2,2,4,4,5,1,4,5,2,4,5,3,3,3,3,3,0,0,2,2,2,4,4,5,2,2,4,4,5,1,4,5,2,4,5,2,4,4,5,3,3,3,3,3,3,3,0,2,1,1,1,4,5,1,2,2,2,1,8,8,8,8,8,8,8,8,3,4,5,3,4,5,3,4,5,0,4,5,3,0,0,0,0,1,1,1,1,1,1,4,4,5,1,4,4,5,1,1,1,1,1,1,1,1,1,1,1,1,1,1,1,1,1,1,1,1,1,1,1,1,1,1,1,1,1,1,1,1,1,1,1,1,1,1,1,1,1,1,1,1,1,1,1,1,1,1,1,1,1,1,1,1,1,1,1,1,1,1,1,1,1,1,1,1,1,1,1,1,1,1,1,1,1,1,1,1,1,1,1,1,1,1,1,1,1,1,1,1,1,1,1,1,1,1,1,1,1,1,1,1,1,1,1,1,1,1,1,1,1,1,1,1,1,1,1,1,1,1,1,1,1,1,1,1,1,1,1,1,1,1,1,1,1,1,1,1,1,1,1,1,1,1,1,1,1,1,1,1,1,1,1,1,1,1,1,1,1,1,1,1,1,1,1,1,1,1,1,1,1,1,1,1,1,1,1,1,1,1,1,1,1,1,1,1,1,1,1,1,1,1,1,1,1,1,1,1,1,1,1,1,1,1,1,1,1,1,1,1,1,1,1,1,1,1,1,1,1,1,1,1,1,1,1,1,1,1,1,1,1,1,1,1,1,1,1,1,1,1,1,1,1,1,1,1,1,1,1,1,1,1,1,1,1,1,1,1,1,1,1,1,1,1,1,1,1,1,1,1,1,1,1,1,1,1,1,1,1,1,1,1,1,1,1,1,1,1,1,1,1,1,1,1,1,1,1,1,1,1,1,1,1,1,1,1,1,1,1,1,1,1,1,1,1,1,1,1,1,1,1,1,1,1,1,1,1,1,1,1,1,1,1,1,1,1,1,1,1,1,1,1,1,1,1,1,1,1,1,1,1,1,1,1,1,1,1,1,1,1,1,1,1,1,1,1,1,1,1,1,1,1,1,1,1,1,1,1,1,1,1,1,1,1,1,1,1,1,1,1,1,1,1,1,1,1,1,1,1,1,1,1,1,1,1,1,1,1,1,1,1,1,1,1,1,1,1,1,1,1,1,1,1,1,1,1,1,1,1,1,1,1,1,1,1,1,1,1,1,1,1,1,1,1,1,1,1,1,1,1,1,1,1,1,1,1,1,1,1,1,1,1,1,1,1,1,1,1,1,1,1,1,1,1,1,1,1,1,1,1,1,1,1,1,1,1,1,1,1,1,1,1,1,1,1,1,1,1,1,1,1,1,1,1,1,1,1,1,1,1,1,1,1,1,1,1,1,1,1,1,1,1,1,1,1,1,1,1,1,1,1,1,1,1,1,1,1,1,1,1,1,1,1,1,1,1,1,1,1,1,1,1,1,1,1,1,1,1,1,1,1,1,1,1,1,1,1,1,1,1,1,1,1,1,1,1,1,1,1,1,1,1,1,1,1,1,1,1,1,1,1,1,1,1,1,1,1,1,1,1,1,1,1,1,1,1,1,1,1,1,1,1,1,1,1,1,1,1,1,1,1,1,1,1,1,1,1,1,1,1,1,1,1,1,1,1,1,1,1,1,1,1,1,1,1,1,1,1,1,1,1,1,1,1,1,1,1,1,1,1,1,1,1,1,1,1,1,1,1,1,1,1,1,1,1,1,1,1,1,1,1,1,1,1,1,1,1,1,1,1,1,1,1,1,1,1,1,1,1,1,1,1,1,1,1,1,1,1,1,1,1,1,1,1,1,1,1,1,1,1,1,1,1,1,1,1,1,1,1,1,1,1,1,1,1,1,1,1,1,1,1,1,1,1,1,1,1,1,1,1,1,1,1,1,1,1,1,1,1,1,1,1,1,1,1,1,1,1,1,1,1,1,1,1,1,1,1,1,1,1,1,1,1,1,1,1,1,1,1,1,1,1,1,1,1,1,1,1,1,1,1,1,1,1,1,1,1,1,1,1,1,1,1,1,1,1,1,1,1,1,1,1,1,1,1,1,1,1,1,1,1
2,2,2,4,4,4,5,1,1,1,3,4,4,4,5,1,1,1,1,4,4,4,5,2,4,4,4,5,1,3,3,1,4,4,4,5,0,3,0,0,0,0,0,0,0,0,3,1,1,1,3,1,3,1,3,3,8,8,8,8,1,1,1,1,4,4,5,1,4,4,5,3,4,4,5,1,4,4,5,3,0,4,4,5,3,3,3,0,2,2,2,2,0,0,0,8,8,1,3,3,4,4,4,5,2,2,2,2,1,4,4,4,5,1,2,1,1,1,4,4,4,5,2,1,4,4,4,5,3,3,3,3,4,4,4,5,0,3,3,3,3,0,0,2,0,2,0,2,0,0,2,8,8,8,8,3,1,3,3,4,4,5,1,4,4,5,3,0,0,0,0,0,0,0,0,0,0,0,0,0,0,0,0,0,0,0,0,0,0,0,0,0,0,0,0,0,0,0,0,0,0,0,0,0,0,0,0,0,0,0,0,0,0,0,0,0,0,0,0,0,0,0,0,0,0,0,0,0,0,0,0,0,0,0,0,0,0,0,0,0,0,0,0,0,0,0,0,0,0,0,0,0,0,0,0,0,0,0,0,0,0,0,0,0,0,0,0,0,0,0,0,0,0,0,0,0,0,0,0,0,0,0,0,0,0,0,0,0,0,0,0,0,0,0,0,0,0,0,0,0,0,0,0,0,0,0,0,0,0,0,0,0,0,0,0,0,0,0,0,0,0,0,0,0,0,0,0,0,0,0,0,0,0,0,0,0,0,0,0,0,0,0,0,0,0,0,0,0,0,0,0,0,0,0,0,0,0,0,0,0,0,0,0,0,0,0,0,0,0,0,0,0,0,0,0,0,0,0,0,0,0,0,0,0,0,0,0,0,0,0,0,0,0,0,0,0,0,0,0,0,0,0,0,0,0,0,0,0,0,0,0,0,0,0,0,0,0,0,0,0,0,0,0,0,0,0,0,0,0,0,0,0,0,0,0,0,0,0,0,0,0,0,0,0,0,0,0,0,0,0,0,0,0,0,0,0,0,0,0,0,0,0,0,0,0,0,0,0,0,0,0,0,0,0,0,0,0,0,0,0,0,0,0,0,0,0,0,0,0,0,0,0,0,0,0,0,0,0,0,0,0,0,0,0,0,0,0,0,0,0,0,0,0,0,0,0,0,0,0,0,0,0,0,0,0,0,0,0,0,0,0,0,0,0,0,0,0,0,0,0,0,0,0,0,0,0,0,0,0,0,0,0,0,0,0,0,0,0,0,0,0,0,0,0,0,0,0,0,0,0,0,0,0,0,0,0,0,0,0,0,0,0,0,0,0,0,0,0,0,0,0,0,0,0,0,0,0,0,0,0,0,0,0,0,0,0,0,0,0,0,0,0,0,0,0,0,0,0,0,0,0,0,0,0,0,0,0,0,0,0,0,0,0,0,0,0,0,0,0,0,0,0,0,0,0,0,0,0,0,0,0,0,0,0,0,0,0,0,0,0,0,0,0,0,0,0,0,0,0,0,0,0,0,0,0,0,0,0,0,0,0,0,0,0,0,0,0,0,0,0,0,0,0,0,0,0,0,0,0,0,0,0,0,0,0,0,0,0,0,0,0,0,0,0,0,0,0,0,0,0,0,0,0,0,0,0,0,0,0,0,0,0,0,0,0,0,0,0,0,0,0,0,0,0,0,0,0,0,0,0,0,0,0,0,0,0,0,0,0,0,0,0,0,0,0,0,0,0,0,0,0,0,0,0,0,0,0,0,0,0,0,0,0,0,0,0,0,0,0,0,0,0,0,0,0,0,0,0,0,0,0,0,0,0,0,0,0,0,0,0,0,0,0,0,0,0,0,0,0,0,0,0,0,0,0,0,0,0,0,0,0,0,0,0,0,0,0,0,0,0,0,0,0,0,0,0,0,0,0,0,0,0,0,0,0,0,0,0,0,0,0,0,0,0,0,0,0,0,0,0,0,0,0,0,0,0,0,0,0,0,0,0,0,0,0,0,0,0,0,0,0,0,0,0,0,0,0,0,0,0,0,0,0,0,0,0,0,0,0,0,0,0,0,0,0,0,0,0,0,0,0,0,0,0,0,0,0,0,0,0,0,0,0,0,0,0,0,0,0,0,0,0,0,0,0,0,0,0,0,0,0,0,0,0,0,0,0,0,0,0,0,0,0,0,0,0,0,0,0,0,0,0,0,0,0,0,0,0,0,0,0,0,0,0,0,0,0,0,0,0,0,0,0,0,0,0,0,0,0,0
"""

You are playing: CompetitiveStrategy
You won this match
Your game win count:       30
Opponent game win count:    0
Put the 4 lines between the """ characters in a file to watch a replay
You are the red player in the closest scoring round replay from this match:
"""
24
1646374722461
0,4,4,4,5,2,4,4,4,5,2,0,4,4,4,5,2,0,4,4,4,5,0,4,4,4,5,1,3,3,1,1,3,1,2,1,1,2,2,2,1,1,1,2,1,8,8,8,3,1,1,1,4,4,5,3,1,4,4,5,3,4,4,5,3,4,4,5,3,4,4,5,0,0,0,0,0,0,0,0,0,0,2,2,2,1,1,1,2,2,1,1,1,8,8,8,3,3,4,4,4,5,2,0,0,4,4,4,5,0,2,2,2,2,2,2,2,2,2,2,2,2,2,2,4,4,4,5,0,0,4,4,4,5,1,2,2,4,4,4,5,0,0,0,0,0,0,4,4,4,5,3,1,3,3,3,3,1,1,3,1,3,3,1,2,2,2,2,1,2,1,1,1,1,8,8,8,8,8,3,3,0,0,0,0,4,4,5,1,4,5,1,4,5,3,0,4,5,1,1,4,5,3,3,0,0,0,0,0,1,2,2,1,1,1,2,1,1,2,2,8,8,8,2,2,2,2,2,4,4,4,5,2,2,2,2,2,2,2,2,2,2,2,2,2,2,2,2,2,2,2,2,2,2,2,2,2,2,2,2,2,2,2,2,2,2,2,2,2,2,2,2,2,2,2,2,2,2,2,2,2,2,2,2,2,2,2,2,2,2,2,2,2,2,2,2,2,2,2,2,2,2,2,2,2,2,2,2,2,2,2,2,2,2,2,2,2,2,2,2,2,2,2,2,2,2,2,2,2,2,2,2,2,2,2,2,2,2,2,2,2,2,2,2,2,2,2,2,2,2,2,2,2,2,2,2,2,2,2,2,2,2,2,2,2,2,2,2,2,2,2,2,2,2,2,2,2,2,2,2,2,2,2,2,2,2,2,2,2,2,2,2,2,2,2,2,2,2,2,2,2,2,2,2,2,2,2,2,2,2,2,2,2,2,2,2,2,2,2,2,2,2,2,2,2,2,2,2,2,2,2,2,2,2,2,2,2,2,2,2,2,2,2,2,2,2,2,2,2,2,2,2,2,2,2,2,2,2,2,2,2,2,2,2,2,2,2,2,2,2,2,2,2,2,2,2,2,2,2,2,2,2,2,2,2,2,2,2,2,2,2,2,2,2,2,2,2,2,2,2,2,2,2,2,2,2,2,2,2,2,2,2,2,2,2,2,2,2,2,2,2,2,2,2,2,2,2,2,2,2,2,2,2,2,2,2,2,2,2,2,2,2,2,2,2,2,2,2,2,2,2,2,2,2,2,2,2,2,2,2,2,2,2,2,2,2,2,2,2,2,2,2,2,2,2,2,2,2,2,2,2,2,2,2,2,2,2,2,2,2,2,2,2,2,2,2,2,2,2,2,2,2,2,2,2,2,2,2,2,2,2,2,2,2,2,2,2,2,2,2,2,2,2,2,2,2,2,2,2,2,2,2,2,2,2,2,2,2,2,2,2,2,2,2,2,2,2,2,2,2,2,2,2,2,2,2,2,2,2,2,2,2,2,2,2,2,2,2,2,2,2,2,2,2,2,2,2,2,2,2,2,2,2,2,2,2,2,2,2,2,2,2,2,2,2,2,2,2,2,2,2,2,2,2,2,2,2,2,2,2,2,2,2,2,2,2,2,2,2,2,2,2,2,2,2,2,2,2,2,2,2,2,2,2,2,2,2,2,2,2,2,2,2,2,2,2,2,2,2,2,2,2,2,2,2,2,2,2,2,2,2,2,2,2,2,2,2,2,2,2,2,2,2,2,2,2,2,2,2,2,2,2,2,2,2,2,2,2,2,2,2,2,2,2,2,2,2,2,2,2,2,2,2,2,2,2,2,2,2,2,2,2,2,2,2,2,2,2,2,2,2,2,2,2,2,2,2,2,2,2,2,2,2,2,2,2,2,2,2,2,2,2,2,2,2,2,2,2,2,2,2,2,2,2,2,2,2,2,2,2,2,2,2,2,2,2,2,2,2,2,2,2,2,2,2,2,2,2,2,2,2,2,2,2,2,2,2,2,2,2,2,2,2,2,2,2,2,2,2,2,2,2,2,2,2,2,2,2,2,2,2,2,2,2,2,2,2,2,2,2,2,2,2,2,2,2,2,2,2,2,2,2,2,2,2,2,2,2,2,2,2,2,2,2,2,2,2,2,2,2,2,2,2,2,2,2,2,2,2,2,2,2,2,2,2,2,2,2,2,2,2,2,2,2,2,2,2,2,2,2,2,2,2,2,2,2,2,2,2,2,2,2,2,2,2,2,2,2,2,2
1,0,1,4,3,3,4,4,4,4,5,3,0,2,0,0,4,0,1,4,0,3,0,3,0,1,4,3,3,5,2,3,0,1,0,1,3,2,3,2,1,0,3,2,3,2,4,5,4,4,4,4,4,5,2,2,5,3,1,1,1,3,1,1,1,1,1,1,0,0,1,1,0,0,2,2,0,0,1,4,2,1,0,5,4,4,5,3,2,3,2,1,1,1,1,3,3,3,8,8,8,8,8,8,8,8,8,0,0,0,4,5,5,4,1,0,5,4,4,4,4,5,0,4,4,5,0,0,2,2,2,2,2,2,1,5,0,1,1,3,1,4,1,0,0,1,2,2,0,0,4,4,4,4,5,3,1,4,4,4,4,5,0,4,4,4,5,1,1,4,4,5,3,4,4,4,5,0,0,0,2,3,0,0,0,1,1,1,0,0,4,4,2,3,4,4,4,4,5,0,3,1,3,2,1,0,1,0,2,0,4,4,5,3,1,0,1,0,1,5,2,1,1,1,1,1,1,1,1,3,3,3,3,3,3,3,3,3,3,3,3,3,3,3,3,3,3,3,3,3,3,3,3,3,3,3,3,3,3,3,3,3,3,3,3,3,3,3,3,3,3,3,3,3,3,3,3,3,3,3,3,3,3,3,3,3,3,3,3,3,3,3,3,3,3,3,3,3,3,3,3,3,3,3,3,3,3,3,3,3,3,3,3,3,3,3,3,3,3,3,3,3,3,3,3,3,3,3,3,3,3,3,3,3,3,3,3,3,3,3,3,3,3,3,3,3,3,3,3,3,3,3,3,3,3,3,3,3,3,3,3,3,3,3,3,3,3,3,3,3,3,3,3,3,3,3,3,3,3,3,3,3,3,3,3,3,3,3,3,3,3,3,3,3,3,3,3,3,3,3,3,3,3,3,3,3,3,3,3,3,3,3,3,3,3,3,3,3,3,3,3,3,3,3,3,3,3,3,3,3,3,3,3,3,3,3,3,3,3,3,3,3,3,3,3,3,3,3,3,3,3,3,3,3,3,3,3,3,3,3,3,3,3,3,3,3,3,3,3,3,3,3,3,3,3,3,3,3,3,3,3,3,3,3,3,3,3,3,3,3,3,3,3,3,3,3,3,3,3,3,3,3,3,3,3,3,3,3,3,3,3,3,3,3,3,3,3,3,3,3,3,3,3,3,3,3,3,3,3,3,3,3,3,3,3,3,3,3,3,3,3,3,3,3,3,3,3,3,3,3,3,3,3,3,3,3,3,3,3,3,3,3,3,3,3,3,3,3,3,3,3,3,3,3,3,3,3,3,3,3,3,3,3,3,3,3,3,3,3,3,3,3,3,3,3,3,3,3,3,3,3,3,3,3,3,3,3,3,3,3,3,3,3,3,3,3,3,3,3,3,3,3,3,3,3,3,3,3,3,3,3,3,3,3,3,3,3,3,3,3,3,3,3,3,3,3,3,3,3,3,3,3,3,3,3,3,3,3,3,3,3,3,3,3,3,3,3,3,3,3,3,3,3,3,3,3,3,3,3,3,3,3,3,3,3,3,3,3,3,3,3,3,3,3,3,3,3,3,3,3,3,3,3,3,3,3,3,3,3,3,3,3,3,3,3,3,3,3,3,3,3,3,3,3,3,3,3,3,3,3,3,3,3,3,3,3,3,3,3,3,3,3,3,3,3,3,3,3,3,3,3,3,3,3,3,3,3,3,3,3,3,3,3,3,3,3,3,3,3,3,3,3,3,3,3,3,3,3,3,3,3,3,3,3,3,3,3,3,3,3,3,3,3,3,3,3,3,3,3,3,3,3,3,3,3,3,3,3,3,3,3,3,3,3,3,3,3,3,3,3,3,3,3,3,3,3,3,3,3,3,3,3,3,3,3,3,3,3,3,3,3,3,3,3,3,3,3,3,3,3,3,3,3,3,3,3,3,3,3,3,3,3,3,3,3,3,3,3,3,3,3,3,3,3,3,3,3,3,3,3,3,3,3,3,3,3,3,3,3,3,3,3,3,3,3,3,3,3,3,3,3,3,3,3,3,3,3,3,3,3,3,3,3,3,3,3,3,3,3,3,3,3,3,3,3,3,3,3,3,3,3,3,3,3,3,3,3,3,3,3,3,3,3,3,3,3,3,3,3,3,3,3,3,3,3,3,3,3,3,3,3,3,3,3,3,3,3,3,3,3,3,3,3,3,3,3,3,3,3,3,3,3,3,3,3,3,3,3,3,3,3,3,3,3,3,3,3,3,3,3
"""

You are playing: PICK-UP ARTIST
You lost this match
Your game win count:        8
Opponent game win count:   22
Put the 4 lines between the """ characters in a file to watch a replay
You are the blue player in the closest scoring round replay from this match:
"""
24
1646374774402
1,4,4,5,1,4,4,5,2,2,1,4,4,5,2,4,5,3,3,3,0,0,0,8,2,2,0,4,4,5,2,0,4,4,5,2,4,4,5,0,4,4,4,5,3,4,4,4,5,3,3,3,1,1,1,8,2,2,2,4,4,5,2,2,4,4,5,1,4,5,3,4,5,1,4,5,3,3,3,3,0,0,8,2,0,0,4,4,4,5,2,0,4,4,4,5,2,2,2,2,4,4,4,5,0,4,4,4,5,1,1,1,1,1,1,1,1,1,1,1,1,1,1,1,1,1,1,1,1,1,1,1,1,1,1,1,1,1,1,1,1,1,1,1,1,1,1,1,1,1,1,1,1,1,1,1,1,1,1,1,1,1,1,1,1,1,1,1,1,1,1,1,1,1,1,1,1,1,1,1,1,1,1,1,1,1,1,1,1,1,1,1,1,1,1,1,1,1,1,1,1,1,1,1,1,1,1,1,1,1,1,1,1,1,1,1,1,1,1,1,1,1,1,1,1,1,1,1,1,1,1,1,1,1,1,1,1,1,1,1,1,1,1,1,1,1,1,1,1,1,1,1,1,1,1,1,1,1,1,1,1,1,1,1,1,1,1,1,1,1,1,1,1,1,1,1,1,1,1,1,1,1,1,1,1,1,1,1,1,1,1,1,1,1,1,1,1,1,1,1,1,1,1,1,1,1,1,1,1,1,1,1,1,1,1,1,1,1,1,1,1,1,1,1,1,1,1,1,1,1,1,1,1,1,1,1,1,1,1,1,1,1,1,1,1,1,1,1,1,1,1,1,1,1,1,1,1,1,1,1,1,1,1,1,1,1,1,1,1,1,1,1,1,1,1,1,1,1,1,1,1,1,1,1,1,1,1,1,1,1,1,1,1,1,1,1,1,1,1,1,1,1,1,1,1,1,1,1,1,1,1,1,1,1,1,1,1,1,1,1,1,1,1,1,1,1,1,1,1,1,1,1,1,1,1,1,1,1,1,1,1,1,1,1,1,1,1,1,1,1,1,1,1,1,1,1,1,1,1,1,1,1,1,1,1,1,1,1,1,1,1,1,1,1,1,1,1,1,1,1,1,1,1,1,1,1,1,1,1,1,1,1,1,1,1,1,1,1,1,1,1,1,1,1,1,1,1,1,1,1,1,1,1,1,1,1,1,1,1,1,1,1,1,1,1,1,1,1,1,1,1,1,1,1,1,1,1,1,1,1,1,1,1,1,1,1,1,1,1,1,1,1,1,1,1,1,1,1,1,1,1,1,1,1,1,1,1,1,1,1,1,1,1,1,1,1,1,1,1,1,1,1,1,1,1,1,1,1,1,1,1,1,1,1,1,1,1,1,1,1,1,1,1,1,1,1,1,1,1,1,1,1,1,1,1,1,1,1,1,1,1,1,1,1,1,1,1,1,1,1,1,1,1,1,1,1,1,1,1,1,1,1,1,1,1,1,1,1,1,1,1,1,1,1,1,1,1,1,1,1,1,1,1,1,1,1,1,1,1,1,1,1,1,1,1,1,1,1,1,1,1,1,1,1,1,1,1,1,1,1,1,1,1,1,1,1,1,1,1,1,1,1,1,1,1,1,1,1,1,1,1,1,1,1,1,1,1,1,1,1,1,1,1,1,1,1,1,1,1,1,1,1,1,1,1,1,1,1,1,1,1,1,1,1,1,1,1,1,1,1,1,1,1,1,1,1,1,1,1,1,1,1,1,1,1,1,1,1,1,1,1,1,1,1,1,1,1,1,1,1,1,1,1,1,1,1,1,1,1,1,1,1,1,1,1,1,1,1,1,1,1,1,1,1,1,1,1,1,1,1,1,1,1,1,1,1,1,1,1,1,1,1,1,1,1,1,1,1,1,1,1,1,1,1,1,1,1,1,1,1,1,1,1,1,1,1,1,1,1,1,1,1,1,1,1,1,1,1,1,1,1,1,1,1,1,1,1,1,1,1,1,1,1,1,1,1,1,1,1,1,1,1,1,1,1,1,1,1,1,1,1,1,1,1,1,1,1,1,1,1,1,1,1,1,1,1,1,1,1,1,1,1,1,1,1,1,1,1,1,1,1,1,1,1,1,1,1,1,1,1,1,1,1,1,1,1,1,1,1,1,1,1,1,1,1,1,1,1,1,1,1,1,1,1,1,1,1,1,1,1,1,1,1,1,1,1,1,1,1,1,1,1,1,1,1,1,1,1,1,1,1,1,1,1,1,1,1,1,1,1,1,1,1,1,1,1,1,1,1,1
0,2,4,4,4,5,2,0,4,4,4,5,1,1,4,4,4,5,1,4,4,4,5,1,2,1,4,4,4,5,0,0,0,3,3,3,3,1,3,1,3,1,3,3,1,3,1,1,8,8,8,3,3,3,3,4,4,5,0,4,5,2,4,5,0,4,5,2,4,5,0,2,0,2,2,0,2,0,2,2,2,2,1,3,1,3,3,1,3,3,3,1,1,1,8,8,8,0,0,0,0,0,0,0,4,4,4,5,0,0,0,0,0,0,0,0,0,0,0,0,0,0,0,0,0,0,0,0,0,0,0,0,0,0,0,0,0,0,0,0,0,0,0,0,0,0,0,0,0,0,0,0,0,0,0,0,0,0,0,0,0,0,0,0,0,0,0,0,0,0,0,0,0,0,0,0,0,0,0,0,0,0,0,0,0,0,0,0,0,0,0,0,0,0,0,0,0,0,0,0,0,0,0,0,0,0,0,0,0,0,0,0,0,0,0,0,0,0,0,0,0,0,0,0,0,0,0,0,0,0,0,0,0,0,0,0,0,0,0,0,0,0,0,0,0,0,0,0,0,0,0,0,0,0,0,0,0,0,0,0,0,0,0,0,0,0,0,0,0,0,0,0,0,0,0,0,0,0,0,0,0,0,0,0,0,0,0,0,0,0,0,0,0,0,0,0,0,0,0,0,0,0,0,0,0,0,0,0,0,0,0,0,0,0,0,0,0,0,0,0,0,0,0,0,0,0,0,0,0,0,0,0,0,0,0,0,0,0,0,0,0,0,0,0,0,0,0,0,0,0,0,0,0,0,0,0,0,0,0,0,0,0,0,0,0,0,0,0,0,0,0,0,0,0,0,0,0,0,0,0,0,0,0,0,0,0,0,0,0,0,0,0,0,0,0,0,0,0,0,0,0,0,0,0,0,0,0,0,0,0,0,0,0,0,0,0,0,0,0,0,0,0,0,0,0,0,0,0,0,0,0,0,0,0,0,0,0,0,0,0,0,0,0,0,0,0,0,0,0,0,0,0,0,0,0,0,0,0,0,0,0,0,0,0,0,0,0,0,0,0,0,0,0,0,0,0,0,0,0,0,0,0,0,0,0,0,0,0,0,0,0,0,0,0,0,0,0,0,0,0,0,0,0,0,0,0,0,0,0,0,0,0,0,0,0,0,0,0,0,0,0,0,0,0,0,0,0,0,0,0,0,0,0,0,0,0,0,0,0,0,0,0,0,0,0,0,0,0,0,0,0,0,0,0,0,0,0,0,0,0,0,0,0,0,0,0,0,0,0,0,0,0,0,0,0,0,0,0,0,0,0,0,0,0,0,0,0,0,0,0,0,0,0,0,0,0,0,0,0,0,0,0,0,0,0,0,0,0,0,0,0,0,0,0,0,0,0,0,0,0,0,0,0,0,0,0,0,0,0,0,0,0,0,0,0,0,0,0,0,0,0,0,0,0,0,0,0,0,0,0,0,0,0,0,0,0,0,0,0,0,0,0,0,0,0,0,0,0,0,0,0,0,0,0,0,0,0,0,0,0,0,0,0,0,0,0,0,0,0,0,0,0,0,0,0,0,0,0,0,0,0,0,0,0,0,0,0,0,0,0,0,0,0,0,0,0,0,0,0,0,0,0,0,0,0,0,0,0,0,0,0,0,0,0,0,0,0,0,0,0,0,0,0,0,0,0,0,0,0,0,0,0,0,0,0,0,0,0,0,0,0,0,0,0,0,0,0,0,0,0,0,0,0,0,0,0,0,0,0,0,0,0,0,0,0,0,0,0,0,0,0,0,0,0,0,0,0,0,0,0,0,0,0,0,0,0,0,0,0,0,0,0,0,0,0,0,0,0,0,0,0,0,0,0,0,0,0,0,0,0,0,0,0,0,0,0,0,0,0,0,0,0,0,0,0,0,0,0,0,0,0,0,0,0,0,0,0,0,0,0,0,0,0,0,0,0,0,0,0,0,0,0,0,0,0,0,0,0,0,0,0,0,0,0,0,0,0,0,0,0,0,0,0,0,0,0,0,0,0,0,0,0,0,0,0,0,0,0,0,0,0,0,0,0,0,0,0,0,0,0,0,0,0,0,0,0,0,0,0,0,0,0,0,0,0,0,0,0,0,0,0,0,0,0,0,0,0,0,0,0,0,0,0,0,0,0,0,0,0,0,0,0,0,0,0,0,0,0,0,0,0,0,0,0,0,0,0,0,0,0,0,0,0,0,0,0,0,0,0,0,0,0,0,0,0,0,0,0,0,0
"""

You are playing: JoJoBizarreStrategy
You lost this match
Your game win count:        6
Opponent game win count:   24
Put the 4 lines between the """ characters in a file to watch a replay
You are the red player in the closest scoring round replay from this match:
"""
20
1646374777928
0,3,4,4,4,5,2,1,1,1,4,4,4,5,3,3,4,4,4,5,3,4,4,4,5,2,1,2,1,2,2,1,4,4,4,5,0,0,4,4,5,0,0,0,3,2,2,2,1,2,1,1,1,1,8,8,8,3,3,1,4,4,5,3,3,3,4,4,5,0,4,4,5,0,0,0,4,4,5,0,2,2,2,0,0,4,4,5,1,3,3,2,2,1,2,2,1,1,1,1,8,8,8,3,1,1,4,4,4,5,3,3,4,4,4,5,3,3,1,1,4,4,4,5,1,4,4,4,5,3,0,4,4,4,5,2,0,0,2,0,0,0,0,0,0,0,2,1,2,1,2,2,1,1,1,8,8,8,1,1,3,1,1,4,4,5,2,1,1,1,4,4,5,3,3,4,4,5,0,0,2,2,2,2,2,2,4,4,5,0,4,4,5,1,2,2,3,0,3,0,3,3,0,3,0,8,8,8,0,0,0,0,4,4,4,5,0,0,0,0,0,4,4,4,5,0,4,4,4,5,3,4,4,4,5,3,1,4,4,4,5,3,1,3,1,3,1,1,2,2,2,1,1,1,1,2,8,8,8,0,0,0,0,2,0,4,4,5,0,0,4,4,5,1,1,2,1,4,4,5,1,2,1,1,1,1,1,1,4,4,5,2,4,4,5,1,1,2,2,0,0,0,3,0,3,3,3,3,8,8,8,8,1,3,1,1,1,1,1,1,4,4,4
2,4,5,2,4,4,4,5,1,1,4,4,4,5,1,4,4,4,5,2,2,4,4,4,5,3,3,3,3,0,0,0,1,4,4,5,1,4,4,5,1,4,4,5,3,4,5,3,1,4,4,4,5,2,2,0,0,0,0,3,3,4,5,1,4,4,5,3,1,4,5,1,4,5,1,1,4,5,2,2,2,0,0,0,0,0,2,1,1,4,4,5,3,1,1,4,4,5,3,1,4,5,3,4,5,1,4,5,2,2,0,0,0,0,0,0,3,3,3,0,4,5,3,4,4,5,0,3,1,1,1,1,1,1,1,4,4,4,4,4,4,4,4,4,3,3,4,5,3,4,5,0,4,5,3,3,1,1,1,1,1,1,1,4,5,1,4,4,4,5,2,0,4,4,5,2,0,4,5,0,0,0,4,5,3,3,1,1,1,0,0,0,0,0,4,5,2,1,4,5,0,0,4,5,2,0,4,5,0,4,5,3,3,1,1,1,1,1,1,1,1,2,2,2,0,0,4,5,2,4,5,1,4,5,2,4,5,2,4,5,3,3,3,3,3,3,1,2,2,2,2,0,0,0,0,4,4,4,4,4,4,4,4,3,4,5,0,0,4,5,0,4,5,0,4,5,0,4,5,2,2,2,2,2,2,2,0,3,3,0,0,0,4,4,4,5,3,3,4,4,4,5,1,4,4,4,5,3,1,1,1,4,5,3,4,5,2,2,2,2,2,2,0
"""

You are playing: CompetitionStrategy
You lost this match
Your game win count:        2
Opponent game win count:   28
Put the 4 lines between the """ characters in a file to watch a replay
You are the red player in the closest scoring round replay from this match:
"""
20
1646374780719
2,0,4,4,4,5,0,4,4,4,5,0,4,4,4,5,2,4,4,4,5,2,2,2,4,4,4,5,1,3,3,1,3,1,3,3,1,1,2,2,2,2,1,1,1,8,8,8,0,3,4,5,0,0,4,5,2,4,5,2,4,5,0,0,3,3,4,4,4,5,3,3,3,1,1,1,1,2,2,1,2,2,8,8,3,3,0,0,4,4,5,3,3,4,4,5,3,4,4,4,5,3,4,4,4,5,0,0,4,4,4,5,0,2,2,1,1,2,1,1,1,2,2,2,8,8,1,1,4,4,4,5,0,0,3,0,3,4,4,4,5,3,3,3,3,3,3,4,4,4,5,0,4,4,4,5,1,2,1,1,4,4,4,5,2,0,2,0,0,2,0,0,0,2,1,2,1,1,2,2,1,1,8,8,8,2,2,2,2,4,4,5,2,2,0,4,4,5,1,1,4,4,5,1,4,4,5,2,0,0,4,4,5,3,1,1,1,1,1,0,3,3,0,0,0,3,3,3,8,8,8,2,2,2,2,2,2,2,4,4,4,5,2,4,4,4,5,0,0,0,4,4,4,5,3,1,1,1,1,1,1,1,4,4,4,5,3,1,1,4,4,4,5,3,0,0,3,3,0,0,0,3,3,0,3,8,8,8,8,1,1,1,1,1,4,4,5,2,4,4
3,0,4,4,4,5,3,3,4,4,5,3,3,4,4,5,3,4,4,5,3,4,4,5,2,2,2,2,2,2,2,1,2,1,4,4,4,5,1,4,4,5,2,0,4,5,3,0,0,4,4,4,5,3,3,3,0,0,4,4,4,5,2,2,1,1,1,3,3,3,3,4,4,5,3,4,4,5,1,4,5,2,4,5,1,4,5,2,2,2,2,0,0,3,3,3,1,4,4,5,1,4,5,1,4,5,3,4,5,2,1,4,5,2,2,2,0,0,0,0,3,3,3,3,3,1,1,1,1,1,8,8,8,8,8,8,8,8,8,3,3,3,4,5,3,4,5,3,4,4,5,1,4,4,5,2,4,5,3,1,1,1,1,3,4,5,3,4,4,4,5,2,2,1,1,4,4,4,5,2,4,5,1,4,4,4,5,0,0,0,0,4,4,5,2,4,4,5,3,3,1,2,2,4,4,5,2,0,4,4,5,0,4,5,0,4,5,3,4,5,3,3,1,1,1,2,0,0,0,4,4,5,2,0,4,5,3,0,0,4,5,0,4,5,0,4,5,3,1,1,1,1,1,1,1,1,2,2,2,2,1,4,4,5,2,0,0,0,0,0,0,8,8,8,8,8,8,8,1,1,1,4,5,3,4,5,2,1,4,5,2,4,5,3,3,3,3,3,3,1
"""

You are playing: okplshelp
You won this match
Your game win count:       30
Opponent game win count:    0
Put the 4 lines between the """ characters in a file to watch a replay
You are the blue player in the closest scoring round replay from this match:
"""
24
1646374784929
1,1,1,1,1,1,2,2,2,2,2,2,2,2,2,2,2,2,2,2,2,2,2,4,4,4,5,1,1,8,4,4,4,5,1,8,4,0,0,0,0,0,0,3,3,3,4,8,4,5,1,1,4,8,4,5,1,4,8,4,5,1,0,3,3,3,3,3,3,3,3,8,8,8,8,1,1,1,1,1,1,2,2,2,2,2,2,0,0,0,0,0,0,0,0,0,3,3,8,4,5,1,1,1,1,1,1,2,2,2,2,2,2,4,4,5,0,0,0,3,3,3,3,3,3,3,3,3,3,3,3,3,3,3,3,3,3,3,3,3,3,3,3,3,3,3,3,3,3,3,3,3,3,3,3,3,3,3,3,3,3,3,3,3,3,3,3,3,3,3,3,3,3,3,3,3,3,3,3,3,3,3,3,3,3,3,3,3,3,3,3,3,3,3,3,3,3,3,3,3,3,3,3,3,3,3,3,3,3,3,3,3,3,3,3,3,3,3,3,3,3,3,3,3,3,3,3,3,3,3,3,3,3,3,3,3,3,3,3,3,3,3,3,3,3,3,3,3,3,3,3,3,3,3,3,3,3,3,3,3,3,3,3,3,3,3,3,3,3,3,3,3,3,3,3,3,3,3,3,3,3,3,3,3,3,3,3,3,3,3,3,3,3,3,3,3,3,3,3,3,3,3,3,3,3,3,3,3,3,3,3,3,3,3,3,3,3,3,3,3,3,3,3,3,3,3,3,3,3,3,3,3,3,3,3,3,3,3,3,3,3,3,3,3,3,3,3,3,3,3,3,3,3,3,3,3,3,3,3,3,3,3,3,3,3,3,3,3,3,3,3,3,3,3,3,3,3,3,3,3,3,3,3,3,3,3,3,3,3,3,3,3,3,3,3,3,3,3,3,3,3,3,3,3,3,3,3,3,3,3,3,3,3,3,3,3,3,3,3,3,3,3,3,3,3,3,3,3,3,3,3,3,3,3,3,3,3,3,3,3,3,3,3,3,3,3,3,3,3,3,3,3,3,3,3,3,3,3,3,3,3,3,3,3,3,3,3,3,3,3,3,3,3,3,3,3,3,3,3,3,3,3,3,3,3,3,3,3,3,3,3,3,3,3,3,3,3,3,3,3,3,3,3,3,3,3,3,3,3,3,3,3,3,3,3,3,3,3,3,3,3,3,3,3,3,3,3,3,3,3,3,3,3,3,3,3,3,3,3,3,3,3,3,3,3,3,3,3,3,3,3,3,3,3,3,3,3,3,3,3,3,3,3,3,3,3,3,3,3,3,3,3,3,3,3,3,3,3,3,3,3,3,3,3,3,3,3,3,3,3,3,3,3,3,3,3,3,3,3,3,3,3,3,3,3,3,3,3,3,3,3,3,3,3,3,3,3,3,3,3,3,3,3,3,3,3,3,3,3,3,3,3,3,3,3,3,3,3,3,3,3,3,3,3,3,3,3,3,3,3,3,3,3,3,3,3,3,3,3,3,3,3,3,3,3,3,3,3,3,3,3,3,3,3,3,3,3,3,3,3,3,3,3,3,3,3,3,3,3,3,3,3,3,3,3,3,3,3,3,3,3,3,3,3,3,3,3,3,3,3,3,3,3,3,3,3,3,3,3,3,3,3,3,3,3,3,3,3,3,3,3,3,3,3,3,3,3,3,3,3,3,3,3,3,3,3,3,3,3,3,3,3,3,3,3,3,3,3,3,3,3,3,3,3,3,3,3,3,3,3,3,3,3,3,3,3,3,3,3,3,3,3,3,3,3,3,3,3,3,3,3,3,3,3,3,3,3,3,3,3,3,3,3,3,3,3,3,3,3,3,3,3,3,3,3,3,3,3,3,3,3,3,3,3,3,3,3,3,3,3,3,3,3,3,3,3,3,3,3,3,3,3,3,3,3,3,3,3,3,3,3,3,3,3,3,3,3,3,3,3,3,3,3,3,3,3,3,3,3,3,3,3,3,3,3,3,3,3,3,3,3,3,3,3,3,3,3,3,3,3,3,3,3,3,3,3,3,3,3,3,3,3,3,3,3,3,3,3,3,3,3,3,3,3,3,3,3,3,3,3,3,3,3,3,3,3,3,3,3,3,3,3,3,3,3,3,3,3,3,3,3,3,3,3,3,3,3,3,3,3,3,3,3,3,3,3,3,3,3,3,3,3,3,3,3,3,3,3,3,3,3,3,3,3,3,3,3,3,3,3,3,3,3,3,3,3,3,3,3,3,3,3,3,3,3,3,3,3,3,3
0,0,0,4,4,4,5,1,1,2,2,2,1,4,4,4,5,1,1,4,4,4,5,1,4,4,4,5,3,0,4,4,4,5,0,0,3,3,1,3,3,1,3,3,3,3,1,1,1,1,8,8,8,1,1,1,2,4,4,5,2,1,1,1,4,4,5,0,2,4,4,5,2,4,4,5,0,4,4,5,0,2,2,0,0,0,0,0,0,0,0,0,1,3,1,1,3,3,3,3,1,1,1,3,8,8,8,8,2,2,2,4,4,4,5,1,2,4,4,4,5,0,2,2,2,2,2,2,2,2,2,2,2,2,2,2,2,2,2,2,2,2,2,2,2,2,2,2,2,2,2,2,2,2,2,2,2,2,2,2,2,2,2,2,2,2,2,2,2,2,2,2,2,2,2,2,2,2,2,2,2,2,2,2,2,2,2,2,2,2,2,2,2,2,2,2,2,2,2,2,2,2,2,2,2,2,2,2,2,2,2,2,2,2,2,2,2,2,2,2,2,2,2,2,2,2,2,2,2,2,2,2,2,2,2,2,2,2,2,2,2,2,2,2,2,2,2,2,2,2,2,2,2,2,2,2,2,2,2,2,2,2,2,2,2,2,2,2,2,2,2,2,2,2,2,2,2,2,2,2,2,2,2,2,2,2,2,2,2,2,2,2,2,2,2,2,2,2,2,2,2,2,2,2,2,2,2,2,2,2,2,2,2,2,2,2,2,2,2,2,2,2,2,2,2,2,2,2,2,2,2,2,2,2,2,2,2,2,2,2,2,2,2,2,2,2,2,2,2,2,2,2,2,2,2,2,2,2,2,2,2,2,2,2,2,2,2,2,2,2,2,2,2,2,2,2,2,2,2,2,2,2,2,2,2,2,2,2,2,2,2,2,2,2,2,2,2,2,2,2,2,2,2,2,2,2,2,2,2,2,2,2,2,2,2,2,2,2,2,2,2,2,2,2,2,2,2,2,2,2,2,2,2,2,2,2,2,2,2,2,2,2,2,2,2,2,2,2,2,2,2,2,2,2,2,2,2,2,2,2,2,2,2,2,2,2,2,2,2,2,2,2,2,2,2,2,2,2,2,2,2,2,2,2,2,2,2,2,2,2,2,2,2,2,2,2,2,2,2,2,2,2,2,2,2,2,2,2,2,2,2,2,2,2,2,2,2,2,2,2,2,2,2,2,2,2,2,2,2,2,2,2,2,2,2,2,2,2,2,2,2,2,2,2,2,2,2,2,2,2,2,2,2,2,2,2,2,2,2,2,2,2,2,2,2,2,2,2,2,2,2,2,2,2,2,2,2,2,2,2,2,2,2,2,2,2,2,2,2,2,2,2,2,2,2,2,2,2,2,2,2,2,2,2,2,2,2,2,2,2,2,2,2,2,2,2,2,2,2,2,2,2,2,2,2,2,2,2,2,2,2,2,2,2,2,2,2,2,2,2,2,2,2,2,2,2,2,2,2,2,2,2,2,2,2,2,2,2,2,2,2,2,2,2,2,2,2,2,2,2,2,2,2,2,2,2,2,2,2,2,2,2,2,2,2,2,2,2,2,2,2,2,2,2,2,2,2,2,2,2,2,2,2,2,2,2,2,2,2,2,2,2,2,2,2,2,2,2,2,2,2,2,2,2,2,2,2,2,2,2,2,2,2,2,2,2,2,2,2,2,2,2,2,2,2,2,2,2,2,2,2,2,2,2,2,2,2,2,2,2,2,2,2,2,2,2,2,2,2,2,2,2,2,2,2,2,2,2,2,2,2,2,2,2,2,2,2,2,2,2,2,2,2,2,2,2,2,2,2,2,2,2,2,2,2,2,2,2,2,2,2,2,2,2,2,2,2,2,2,2,2,2,2,2,2,2,2,2,2,2,2,2,2,2,2,2,2,2,2,2,2,2,2,2,2,2,2,2,2,2,2,2,2,2,2,2,2,2,2,2,2,2,2,2,2,2,2,2,2,2,2,2,2,2,2,2,2,2,2,2,2,2,2,2,2,2,2,2,2,2,2,2,2,2,2,2,2,2,2,2,2,2,2,2,2,2,2,2,2,2,2,2,2,2,2,2,2,2,2,2,2,2,2,2,2,2,2,2,2,2,2,2,2,2,2,2,2,2,2,2,2,2,2,2,2,2,2,2,2,2,2,2,2,2,2,2,2,2,2,2,2,2,2,2,2,2,2,2,2,2,2,2,2,2,2,2,2,2,2,2,2,2,2,2,2,2,2,2,2,2,2,2,2,2,2,2,2,2,2,2
"""

You are playing: JWinStrategy
You lost this match
Your game win count:        3
Opponent game win count:   27
Put the 4 lines between the """ characters in a file to watch a replay
You are the red player in the closest scoring round replay from this match:
"""
20
1646374787562
3,4,4,4,5,0,4,4,4,5,3,1,1,4,4,4,5,1,3,1,4,4,4,5,1,1,4,4,4,5,0,0,0,0,2,0,2,2,1,1,2,2,2,2,1,1,1,8,8,8,1,1,1,4,4,5,0,3,3,4,4,5,3,4,4,5,1,1,4,4,5,1,4,4,5,2,2,2,2,2,2,2,2,2,3,3,3,0,3,0,3,0,0,8,8,8,2,1,2,2,4,4,4,5,2,1,1,4,4,4,5,2,2,2,4,4,4,5,2,4,4,4,5,0,0,0,0,4,4,4,5,1,3,3,3,1,1,1,1,0,0,3,0,3,0,3,3,3,8,8,8,0,0,0,0,0,0,0,0,0,0,0,0,0,0,0,0,0,0,0,0,0,0,0,0,0,0,0,0,0,0,0,0,0,0,0,0,0,0,0,0,0,0,0,0,0,0,0,0,0,0,0,0,0,0,0,0,0,0,0,0,0,0,0,0,0,0,0,0,0,0,0,0,0,0,0,0,0,0,0,0,0,0,0,0,0,0,0,0,0,0,0,0,0,0,0,0,0,0,0,0,0,0,0,0,0,0,0,0,0,0,0,0,0,0,0,0,0,0,0,0,0,0,0,0,0,0,0,0,0,0,0,0,0,0,0,0,0,0,0,0,0,0,0,0,0,0,0,0,0,0,0,0,0,0,0,0,0,0,0,0,0,0,0,0,0,0,0,0,0,0,0,0,0,0,0,0,0,0,0,0,0,0,0,0,0,0,0,0,0,0,0,0,0,0,0,0,0,0,0,0,0,0,0,0,0,0,0,0,0,0,0,0,0,0,0,0,0,0,0,0,0,0,0,0,0,0,0,0,0,0,0,0,0,0,0,0,0,0,0,0,0,0,0,0,0,0,0,0,0,0,0,0,0,0,0,0,0,0,0,0,0,0,0,0,0,0,0,0,0,0,0,0,0,0,0,0,0,0,0,0,0,0,0,0,0,0,0,0,0,0,0,0,0,0,0,0,0,0,0,0,0,0,0,0,0,0,0,0,0,0,0,0,0,0,0,0,0,0,0,0,0,0,0,0,0,0,0,0,0,0,0,0,0,0,0,0,0,0,0,0,0,0,0,0,0,0,0,0,0,0,0,0,0,0,0,0,0,0,0,0,0,0,0,0,0,0,0,0,0,0,0,0,0,0,0,0,0,0,0,0,0,0,0,0,0,0,0,0,0,0,0,0,0,0,0,0,0,0,0,0,0,0,0,0,0,0,0,0,0,0,0,0,0,0,0,0,0,0,0,0,0,0,0,0,0,0,0,0,0,0,0,0,0,0,0,0,0,0,0,0,0,0,0,0,0,0,0,0,0,0,0,0,0,0,0,0,0,0,0,0,0,0,0,0,0,0,0,0,0,0,0,0,0,0,0,0,0,0,0,0,0,0,0,0,0,0,0,0,0,0,0,0,0,0,0,0,0,0,0,0,0,0,0,0,0,0,0,0,0,0,0,0,0,0,0,0,0,0,0,0,0,0,0,0,0,0,0,0,0,0,0,0,0,0,0,0,0,0,0,0,0,0,0,0,0,0,0,0,0,0,0,0,0,0,0,0,0,0,0,0,0,0,0,0,0,0,0,0,0,0,0,0,0,0,0,0,0,0,0,0,0,0,0,0,0,0,0,0,0,0,0,0,0,0,0,0,0,0,0,0,0,0,0,0,0,0,0,0,0,0,0,0,0,0,0,0,0,0,0,0,0,0,0,0,0,0,0,0,0,0,0,0,0,0,0,0,0,0,0,0,0,0,0,0,0,0,0,0,0,0,0,0,0,0,0,0,0,0,0,0,0,0,0,0,0,0,0,0,0,0,0,0,0,0,0,0,0,0,0,0,0,0,0,0,0,0,0,0,0,0,0,0,0,0,0,0,0,0,0,0,0,0,0,0,0,0,0,0,0,0,0,0,0,0,0,0,0,0,0,0,0,0,0,0,0,0,0,0,0,0,0,0,0,0,0,0,0,0,0,0,0,0,0,0,0,0,0,0,0,0,0,0,0,0,0,0,0,0,0,0,0,0,0,0,0,0,0,0,0,0,0,0,0,0,0,0,0,0,0,0,0,0,0,0,0,0,0,0,0,0,0,0,0,0,0,0,0,0,0,0,0,0,0,0,0,0,0,0,0,0,0,0,0,0,0,0,0,0,0,0,0,0,0,0,0,0,0,0,0,0,0,0,0,0,0,0,0,0,0,0,0,0,0,0,0,0,0,0,0
0,4,4,4,5,2,4,4,4,5,1,4,4,4,5,1,4,4,5,2,4,4,4,5,3,3,0,1,1,4,4,5,1,4,4,5,3,1,4,4,5,1,4,5,3,4,5,2,2,0,0,0,0,0,3,3,1,4,4,5,1,4,5,3,4,5,1,4,5,3,4,5,2,2,2,2,0,0,0,3,3,3,3,4,4,5,1,1,4,5,3,4,5,3,4,5,1,4,5,2,2,2,2,2,2,0,0,0,3,0,0,0,4,4,4,5,3,0,4,4,4,5,3,1,1,4,4,5,3,3,0,4,4,4,5,3,4,4,4,5,2,2,2,3,3,1,1,1,1,1,1,1,1,1,1,1,1,1,1,1,1,1,1,1,1,1,1,1,1,1,1,1,1,1,1,1,1,1,1,1,1,1,1,1,1,1,1,1,1,1,1,1,1,1,1,1,1,1,1,1,1,1,1,1,1,1,1,1,1,1,1,1,1,1,1,1,1,1,1,1,1,1,1,1,1,1,1,1,1,1,1,1,1,1,1,1,1,1,1,1,1,1,1,1,1,1,1,1,1,1,1,1,1,1,1,1,1,1,1,1,1,1,1,1,1,1,1,1,1,1,1,1,1,1,1,1,1,1,1,1,1,1,1,1,1,1,1,1,1,1,1,1,1,1,1,1,1,1,1,1,1,1,1,1,1,1,1,1,1,1,1,1,1,1,1,1,1,1,1,1,1,1,1,1,1,1,1,1,1,1,1,1,1,1,1,1,1,1,1,1,1,1,1,1,1,1,1,1,1,1,1,1,1,1,1,1,1,1,1,1,1,1,1,1,1,1,1,1,1,1,1,1,1,1,1,1,1,1,1,1,1,1,1,1,1,1,1,1,1,1,1,1,1,1,1,1,1,1,1,1,1,1,1,1,1,1,1,1,1,1,1,1,1,1,1,1,1,1,1,1,1,1,1,1,1,1,1,1,1,1,1,1,1,1,1,1,1,1,1,1,1,1,1,1,1,1,1,1,1,1,1,1,1,1,1,1,1,1,1,1,1,1,1,1,1,1,1,1,1,1,1,1,1,1,1,1,1,1,1,1,1,1,1,1,1,1,1,1,1,1,1,1,1,1,1,1,1,1,1,1,1,1,1,1,1,1,1,1,1,1,1,1,1,1,1,1,1,1,1,1,1,1,1,1,1,1,1,1,1,1,1,1,1,1,1,1,1,1,1,1,1,1,1,1,1,1,1,1,1,1,1,1,1,1,1,1,1,1,1,1,1,1,1,1,1,1,1,1,1,1,1,1,1,1,1,1,1,1,1,1,1,1,1,1,1,1,1,1,1,1,1,1,1,1,1,1,1,1,1,1,1,1,1,1,1,1,1,1,1,1,1,1,1,1,1,1,1,1,1,1,1,1,1,1,1,1,1,1,1,1,1,1,1,1,1,1,1,1,1,1,1,1,1,1,1,1,1,1,1,1,1,1,1,1,1,1,1,1,1,1,1,1,1,1,1,1,1,1,1,1,1,1,1,1,1,1,1,1,1,1,1,1,1,1,1,1,1,1,1,1,1,1,1,1,1,1,1,1,1,1,1,1,1,1,1,1,1,1,1,1,1,1,1,1,1,1,1,1,1,1,1,1,1,1,1,1,1,1,1,1,1,1,1,1,1,1,1,1,1,1,1,1,1,1,1,1,1,1,1,1,1,1,1,1,1,1,1,1,1,1,1,1,1,1,1,1,1,1,1,1,1,1,1,1,1,1,1,1,1,1,1,1,1,1,1,1,1,1,1,1,1,1,1,1,1,1,1,1,1,1,1,1,1,1,1,1,1,1,1,1,1,1,1,1,1,1,1,1,1,1,1,1,1,1,1,1,1,1,1,1,1,1,1,1,1,1,1,1,1,1,1,1,1,1,1,1,1,1,1,1,1,1,1,1,1,1,1,1,1,1,1,1,1,1,1,1,1,1,1,1,1,1,1,1,1,1,1,1,1,1,1,1,1,1,1,1,1,1,1,1,1,1,1,1,1,1,1,1,1,1,1,1,1,1,1,1,1,1,1,1,1,1,1,1,1,1,1,1,1,1,1,1,1,1,1,1,1,1,1,1,1,1,1,1,1,1,1,1,1,1,1,1,1,1,1,1,1,1,1,1,1,1,1,1,1,1,1,1,1,1,1,1,1,1,1,1,1,1,1,1,1,1,1,1,1,1,1,1,1,1,1,1,1,1,1,1,1,1,1,1,1,1,1,1,1,1,1,1,1,1
"""

You are playing: kevinz6
You lost this match
Your game win count:        5
Opponent game win count:   25
Put the 4 lines between the """ characters in a file to watch a replay
You are the red player in the closest scoring round replay from this match:
"""
24
1646374790330
3,0,3,4,4,4,5,1,1,4,4,4,5,1,1,4,4,4,5,3,1,4,4,4,5,3,0,4,4,4,5,2,0,0,2,0,2,2,2,2,2,1,1,1,1,1,1,2,2,8,8,8,0,0,3,3,0,4,4,5,0,3,4,4,5,1,3,4,4,5,1,4,4,5,3,4,4,5,0,0,0,0,1,2,2,2,2,1,2,1,1,1,1,8,8,8,1,1,1,2,1,2,4,4,4,5,1,1,2,2,1,4,4,4,5,1,1,4,4,4,5,2,4,4,4,5,1,4,4,4,5,0,2,0,0,2,0,0,0,3,0,3,3,3,0,3,3,0,8,8,8,1,1,1,1,1,4,4,5,1,4,4,5,3,4,4,5,1,4,4,5,0,3,3,4,4,5,2,2,2,2,0,2,2,2,2,2,3,3,0,0,0,3,3,0,3,3,0,8,8,8,1,1,1,1,1,1,1,1,1,4,4,4,5,1,4,4,4,5,2,4,4,4,5,2,2,0,2,0,2,4,4,4,5,2,4,4,4,5,0,0,0,0,3,3,3,3,0,3,3,0,0,0,8,8,8,1,1,1,1,2,2,4,4,5,2,4,4,5,1,1,1,4,4,5,3,4,4,5,3,4,5,2,0,0,2,2,2,2,0,0,0,3,3,3,3,3,3,0,0,0,0,0,0,0,0,0,0,0,0,0,0,0,0,0,0,0,0,0,0,0,0,0,0,0,0,0,0,0,0,0,0,0,0,0,0,0,0,0,0,0,0,0,0,0,0,0,0,0,0,0,0,0,0,0,0,0,0,0,0,0,0,0,0,0,0,0,0,0,0,0,0,0,0,0,0,0,0,0,0,0,0,0,0,0,0,0,0,0,0,0,0,0,0,0,0,0,0,0,0,0,0,0,0,0,0,0,0,0,0,0,0,0,0,0,0,0,0,0,0,0,0,0,0,0,0,0,0,0,0,0,0,0,0,0,0,0,0,0,0,0,0,0,0,0,0,0,0,0,0,0,0,0,0,0,0,0,0,0,0,0,0,0,0,0,0,0,0,0,0,0,0,0,0,0,0,0,0,0,0,0,0,0,0,0,0,0,0,0,0,0,0,0,0,0,0,0,0,0,0,0,0,0,0,0,0,0,0,0,0,0,0,0,0,0,0,0,0,0,0,0,0,0,0,0,0,0,0,0,0,0,0,0,0,0,0,0,0,0,0,0,0,0,0,0,0,0,0,0,0,0,0,0,0,0,0,0,0,0,0,0,0,0,0,0,0,0,0,0,0,0,0,0,0,0,0,0,0,0,0,0,0,0,0,0,0,0,0,0,0,0,0,0,0,0,0,0,0,0,0,0,0,0,0,0,0,0,0,0,0,0,0,0,0,0,0,0,0,0,0,0,0,0,0,0,0,0,0,0,0,0,0,0,0,0,0,0,0,0,0,0,0,0,0,0,0,0,0,0,0,0,0,0,0,0,0,0,0,0,0,0,0,0,0,0,0,0,0,0,0,0,0,0,0,0,0,0,0,0,0,0,0,0,0,0,0,0,0,0,0,0,0,0,0,0,0,0,0,0,0,0,0,0,0,0,0,0,0,0,0,0,0,0,0,0,0,0,0,0,0,0,0,0,0,0,0,0,0,0,0,0,0,0,0,0,0,0,0,0,0,0,0,0,0,0,0,0,0,0,0,0,0,0,0,0,0,0,0,0,0,0,0,0,0,0,0,0,0,0,0,0,0,0,0,0,0,0,0,0,0,0,0,0,0,0,0,0,0,0,0,0,0,0,0,0,0,0,0,0,0,0,0,0,0,0,0,0,0,0,0,0,0,0,0,0,0,0,0,0,0,0,0,0,0,0,0,0,0,0,0,0,0,0,0,0,0,0,0,0,0,0,0,0,0,0,0,0,0,0,0,0,0,0,0,0,0,0,0,0,0,0,0,0,0,0,0,0,0,0,0,0,0,0,0,0,0,0,0,0,0,0,0,0,0,0,0,0,0,0,0,0,0,0,0,0,0,0,0,0,0,0,0,0,0,0,0,0,0,0,0,0,0,0,0,0,0,0,0,0,0,0,0,0,0,0,0,0,0,0,0,0,0,0,0,0,0,0,0,0,0,0,0,0,0,0,0,0,0,0,0,0,0,0,0,0,0,0,0,0,0,0,0,0,0,0,0,0,0,0,0,0,0,0,0,0,0,0,0,0,0,0,0,0,0,0,0,0,0,0,0,0,0,0,0,0,0,0,0,0,0
1,4,4,5,2,4,4,5,0,0,4,4,4,5,3,4,4,4,5,3,0,4,4,4,5,2,1,1,2,2,4,4,4,5,3,0,0,4,4,4,5,3,0,4,4,4,5,3,4,4,4,5,3,3,3,3,4,4,5,2,2,2,2,2,1,1,1,3,1,1,4,4,5,3,4,5,3,4,5,3,4,5,3,4,5,2,2,2,2,2,0,0,3,3,3,1,4,4,5,3,4,5,3,4,5,3,3,4,5,3,1,4,5,2,2,4,2,2,2,2,2,2,0,0,3,1,1,1,4,4,4,5,3,4,5,3,4,5,3,4,5,3,4,5,3,1,1,1,8,8,8,8,8,8,8,8,8,2,2,2,4,2,4,2,4,2,0,4,4,0,0,0,0,0,3,1,1,1,1,4,4,5,3,4,5,3,4,5,2,1,4,5,2,4,4,4,5,2,0,0,0,0,0,3,3,3,3,3,0,4,4,5,0,4,4,5,3,0,4,5,0,4,4,4,5,2,0,4,4,5,2,4,4,2,2,2,2,1,1,1,1,1,2,1,1,1,1,1,4,4,5,1,4,4,5,2,4,4,5,0,0,4,4,5,2,0,4,4,4,5,3,3,3,0,0,0,3,1,1,1,1,1,1,5,1,4,5,3,3,4,5,3,3,3,8,8,8,8,8,8,8,8,8,1,1,1,1,1,1,1,1,1,1,1,1,1,1,1,1,1,1,1,1,1,1,1,1,1,1,1,1,1,1,1,1,1,1,1,1,1,1,1,1,1,1,1,1,1,1,1,1,1,1,1,1,1,1,1,1,1,1,1,1,1,1,1,1,1,1,1,1,1,1,1,1,1,1,1,1,1,1,1,1,1,1,1,1,1,1,1,1,1,1,1,1,1,1,1,1,1,1,1,1,1,1,1,1,1,1,1,1,1,1,1,1,1,1,1,1,1,1,1,1,1,1,1,1,1,1,1,1,1,1,1,1,1,1,1,1,1,1,1,1,1,1,1,1,1,1,1,1,1,1,1,1,1,1,1,1,1,1,1,1,1,1,1,1,1,1,1,1,1,1,1,1,1,1,1,1,1,1,1,1,1,1,1,1,1,1,1,1,1,1,1,1,1,1,1,1,1,1,1,1,1,1,1,1,1,1,1,1,1,1,1,1,1,1,1,1,1,1,1,1,1,1,1,1,1,1,1,1,1,1,1,1,1,1,1,1,1,1,1,1,1,1,1,1,1,1,1,1,1,1,1,1,1,1,1,1,1,1,1,1,1,1,1,1,1,1,1,1,1,1,1,1,1,1,1,1,1,1,1,1,1,1,1,1,1,1,1,1,1,1,1,1,1,1,1,1,1,1,1,1,1,1,1,1,1,1,1,1,1,1,1,1,1,1,1,1,1,1,1,1,1,1,1,1,1,1,1,1,1,1,1,1,1,1,1,1,1,1,1,1,1,1,1,1,1,1,1,1,1,1,1,1,1,1,1,1,1,1,1,1,1,1,1,1,1,1,1,1,1,1,1,1,1,1,1,1,1,1,1,1,1,1,1,1,1,1,1,1,1,1,1,1,1,1,1,1,1,1,1,1,1,1,1,1,1,1,1,1,1,1,1,1,1,1,1,1,1,1,1,1,1,1,1,1,1,1,1,1,1,1,1,1,1,1,1,1,1,1,1,1,1,1,1,1,1,1,1,1,1,1,1,1,1,1,1,1,1,1,1,1,1,1,1,1,1,1,1,1,1,1,1,1,1,1,1,1,1,1,1,1,1,1,1,1,1,1,1,1,1,1,1,1,1,1,1,1,1,1,1,1,1,1,1,1,1,1,1,1,1,1,1,1,1,1,1,1,1,1,1,1,1,1,1,1,1,1,1,1,1,1,1,1,1,1,1,1,1,1,1,1,1,1,1,1,1,1,1,1,1,1,1,1,1,1,1,1,1,1,1,1,1,1,1,1,1,1,1,1,1,1,1,1,1,1,1,1,1,1,1,1,1,1,1,1,1,1,1,1,1,1,1,1,1,1,1,1,1,1,1,1,1,1,1,1,1,1,1,1,1,1,1,1,1,1,1,1,1,1,1,1,1,1,1,1,1,1,1,1,1,1,1,1,1,1,1,1,1,1,1,1,1,1,1,1,1,1,1,1,1,1,1,1,1,1,1,1,1,1,1,1,1,1,1,1,1,1,1,1,1,1,1,1,1,1,1,1,1,1,1,1,1,1,1,1,1,1,1,1,1,1,1,1,1,1,1,1,1
"""

You are playing: BeatRandomStrategy
You lost this match
Your game win count:        9
Opponent game win count:   21
Put the 4 lines between the """ characters in a file to watch a replay
You are the blue player in the closest scoring round replay from this match:
"""
24
1646374793234
0,4,4,4,5,2,2,4,4,5,2,4,4,5,0,0,4,5,0,4,4,4,5,3,3,3,1,1,1,1,3,4,4,5,3,1,4,4,4,5,2,2,1,4,4,5,1,4,4,5,2,4,4,5,3,0,0,0,2,2,4,4,5,2,1,4,4,5,1,4,4,4,5,2,4,5,2,4,5,3,3,3,3,3,0,0,2,2,1,1,4,4,5,1,4,4,5,2,4,5,1,4,5,1,4,5,3,3,3,0,0,0,0,0,1,1,1,1,4,4,5,2,4,5,1,4,5,2,4,5,1,4,5,3,3,0,0,0,0,0,0,3,2,2,2,2,2,2,1,1,1,1,1,1,1,1,1,1,1,1,1,8,8,8,8,8,8,8,8,8,3,1,1,4,5,1,4,5,1,4,5,2,4,5,2,4,5,2,2,2,2,2,2,1,1,0,4,4,5,3,4,4,5,3,4,4,5,0,4,4,4,5,0,4,5,2,2,1,1,1,1,1,4,4,4,5,1,4,4,4,5,3,4,4,4,5,0,0,4,5,0,0,0,0,4,4,5,2,1,1,1,0,0,0,4,4,5,0,0,4,4,5,3,4,5,0,4,5,3,4,4,4,5,2,2,1,1,1,1,1,1,2,2,0,0,4,4,4,5,0,0,4,4,5,3,0,0,4,5,3,0,4,4,5,3,0,4,5,2,1,1,1,1,1,1,1,1,3,3,3,3,3,3,3,3,3,3,3,0,0,0,0,0,0,0,0,0,0,0,0,0,0,0,0,0,0,0,0,0,0,0,0,0,0,0,0,8,8,8,8,8,8,8,8,8,1,1,4,5,2,4,5,2,4,5,2,4,5,0,4,5,2,2,2,1,1,1,1,3,3,3,0,4,5,3,0,4,5,3,4,5,3,3,3,1,4,5,1,1,4,4,5,2,2,2,2,2,2,2,2,0,2,2,2,2,0,4,4,4,5,0,0,0,0,0,0,4,4,4,5,0,4,4,4,5,3,3,3,3,1,1,1,1,1,1,1,1
0,0,2,4,4,4,5,3,0,3,4,4,4,5,3,4,4,4,5,3,3,0,4,4,4,5,0,3,4,4,4,5,1,1,1,2,2,1,2,1,2,2,3,1,1,3,3,3,3,3,1,1,1,1,8,8,8,8,0,0,0,4,5,0,4,5,0,4,5,1,2,4,5,1,4,5,2,0,0,0,2,2,2,2,3,1,1,1,1,3,1,1,3,3,3,3,8,8,8,3,3,3,4,4,4,5,3,3,3,3,1,3,3,4,4,4,5,3,4,4,4,5,3,1,1,4,4,4,5,2,1,2,2,4,4,4,5,2,1,1,2,0,0,2,2,2,0,2,2,0,0,8,8,8,1,1,1,1,4,4,5,1,1,1,4,4,5,1,4,4,5,2,0,4,4,5,0,2,4,4,5,3,0,3,3,3,3,3,3,2,0,2,2,2,0,2,0,0,0,8,8,8,1,2,1,1,1,4,4,4,5,2,4,4,4,5,1,1,3,1,1,1,4,4,4,5,1,4,4,4,5,3,4,4,4,5,3,0,3,0,0,3,0,3,3,0,2,0,0,0,2,0,2,2,2,0,8,8,8,8,3,0,3,3,3,4,4,5,3,4,4,5,1,4,4,5,3,4,4,5,0,4,4,5,1,2,1,1,1,1,1,0,2,2,2,2,2,0,0,0,0,8,8,8,2,0,0,2,0,0,0,0,0,4,4,4,5,0,0,0,4,4,4,5,3,3,3,3,3,4,4,4,5,3,0,4,4,4,5,3,1,3,4,4,4,5,2,1,1,1,1,1,1,1,1,1,1,1,1,1,1,1,0,0,2,0,0,0,2,2,2,2,8,8,8,8,8,0,0,2,2,2,2,4,4,5,0,0,0,4,4,5,3,0,0,4,4,5,0,4,4,5,3,4,4,5,1,2,2,2,2,2,3,3,1,1,1,1,1,1,3,3,3,3,8,8,8,0,2,2,2,2,2,0,2,2,2,2,4,4,4,5,0,4,4,4,5,0,4,4,4,5,2,4,4,4,5
"""

You are playing: GoodStrategy_vs_Random
You won this match
Your game win count:       24
Opponent game win count:    6
Put the 4 lines between the """ characters in a file to watch a replay
You are the red player in the closest scoring round replay from this match:
"""
24
1646374795007
0,0,4,4,4,5,3,1,4,4,4,5,1,3,3,1,1,4,4,4,5,1,4,4,4,5,1,4,4,4,5,2,2,0,2,0,0,0,1,1,2,1,2,2,1,2,2,1,1,8,8,8,3,3,3,3,3,4,4,5,3,4,4,5,1,3,1,4,4,5,2,2,2,4,4,5,1,1,2,4,4,5,3,3,0,0,0,0,0,0,0,0,0,0,0,0,0,0,0,0,0,0,0,0,0,0,0,0,0,0,0,0,0,0,0,0,0,0,0,0,0,0,0,0,0,0,0,0,0,0,0,0,0,0,0,0,0,0,0,0,0,0,0,0,0,0,0,0,0,0,0,0,0,0,0,0,0,0,0,0,0,0,0,0,0,0,0,0,0,0,0,0,0,0,0,0,0,0,0,0,0,0,0,0,0,0,0,0,0,0,0,0,0,0,0,0,0,0,0,0,0,0,0,0,0,0,0,0,0,0,0,0,0,0,0,0,0,0,0,0,0,0,0,0,0,0,0,0,0,0,0,0,0,0,0,0,0,0,0,0,0,0,0,0,0,0,0,0,0,0,0,0,0,0,0,0,0,0,0,0,0,0,0,0,0,0,0,0,0,0,0,0,0,0,0,0,0,0,0,0,0,0,0,0,0,0,0,0,0,0,0,0,0,0,0,0,0,0,0,0,0,0,0,0,0,0,0,0,0,0,0,0,0,0,0,0,0,0,0,0,0,0,0,0,0,0,0,0,0,0,0,0,0,0,0,0,0,0,0,0,0,0,0,0,0,0,0,0,0,0,0,0,0,0,0,0,0,0,0,0,0,0,0,0,0,0,0,0,0,0,0,0,0,0,0,0,0,0,0,0,0,0,0,0,0,0,0,0,0,0,0,0,0,0,0,0,0,0,0,0,0,0,0,0,0,0,0,0,0,0,0,0,0,0,0,0,0,0,0,0,0,0,0,0,0,0,0,0,0,0,0,0,0,0,0,0,0,0,0,0,0,0,0,0,0,0,0,0,0,0,0,0,0,0,0,0,0,0,0,0,0,0,0,0,0,0,0,0,0,0,0,0,0,0,0,0,0,0,0,0,0,0,0,0,0,0,0,0,0,0,0,0,0,0,0,0,0,0,0,0,0,0,0,0,0,0,0,0,0,0,0,0,0,0,0,0,0,0,0,0,0,0,0,0,0,0,0,0,0,0,0,0,0,0,0,0,0,0,0,0,0,0,0,0,0,0,0,0,0,0,0,0,0,0,0,0,0,0,0,0,0,0,0,0,0,0,0,0,0,0,0,0,0,0,0,0,0,0,0,0,0,0,0,0,0,0,0,0,0,0,0,0,0,0,0,0,0,0,0,0,0,0,0,0,0,0,0,0,0,0,0,0,0,0,0,0,0,0,0,0,0,0,0,0,0,0,0,0,0,0,0,0,0,0,0,0,0,0,0,0,0,0,0,0,0,0,0,0,0,0,0,0,0,0,0,0,0,0,0,0,0,0,0,0,0,0,0,0,0,0,0,0,0,0,0,0,0,0,0,0,0,0,0,0,0,0,0,0,0,0,0,0,0,0,0,0,0,0,0,0,0,0,0,0,0,0,0,0,0,0,0,0,0,0,0,0,0,0,0,0,0,0,0,0,0,0,0,0,0,0,0,0,0,0,0,0,0,0,0,0,0,0,0,0,0,0,0,0,0,0,0,0,0,0,0,0,0,0,0,0,0,0,0,0,0,0,0,0,0,0,0,0,0,0,0,0,0,0,0,0,0,0,0,0,0,0,0,0,0,0,0,0,0,0,0,0,0,0,0,0,0,0,0,0,0,0,0,0,0,0,0,0,0,0,0,0,0,0,0,0,0,0,0,0,0,0,0,0,0,0,0,0,0,0,0,0,0,0,0,0,0,0,0,0,0,0,0,0,0,0,0,0,0,0,0,0,0,0,0,0,0,0,0,0,0,0,0,0,0,0,0,0,0,0,0,0,0,0,0,0,0,0,0,0,0,0,0,0,0,0,0,0,0,0,0,0,0,0,0,0,0,0,0,0,0,0,0,0,0,0,0,0,0,0,0,0,0,0,0,0,0,0,0,0,0,0,0,0,0,0,0,0,0,0,0,0,0,0,0,0,0,0,0,0,0,0,0,0,0,0,0,0,0,0,0,0,0,0,0,0,0,0,0,0,0,0,0,0,0,0,0,0,0,0,0,0,0,0,0,0,0,0,0,0,0,0,0,0,0,0,0,0,0,0,0,0,0,0,0,0
3,4,4,5,8,1,4,4,4,5,8,3,3,4,4,5,8,3,3,4,5,8,3,4,5,5,3,3,3,1,4,4,4,5,5,1,1,4,4,4,5,5,3,3,4,4,5,5,3,4,4,5,5,1,1,1,1,1,1,1,1,3,0,4,4,5,5,3,3,3,0,4,4,5,5,2,2,0,0,5,5,2,0,0,5,5,2,5,5,1,1,1,1,1,1,1,1,1,1,1,1,1,1,1,1,1,1,1,1,1,1,1,1,1,1,1,1,1,1,1,1,1,1,1,1,1,1,1,1,1,1,1,1,1,1,1,1,1,1,1,1,1,1,1,1,1,1,1,1,1,1,1,1,1,1,1,1,1,1,1,1,1,1,1,1,1,1,1,1,1,1,1,1,1,1,1,1,1,1,1,1,1,1,1,1,1,1,1,1,1,1,1,1,1,1,1,1,1,1,1,1,1,1,1,1,1,1,1,1,1,1,1,1,1,1,1,1,1,1,1,1,1,1,1,1,1,1,1,1,1,1,1,1,1,1,1,1,1,1,1,1,1,1,1,1,1,1,1,1,1,1,1,1,1,1,1,1,1,1,1,1,1,1,1,1,1,1,1,1,1,1,1,1,1,1,1,1,1,1,1,1,1,1,1,1,1,1,1,1,1,1,1,1,1,1,1,1,1,1,1,1,1,1,1,1,1,1,1,1,1,1,1,1,1,1,1,1,1,1,1,1,1,1,1,1,1,1,1,1,1,1,1,1,1,1,1,1,1,1,1,1,1,1,1,1,1,1,1,1,1,1,1,1,1,1,1,1,1,1,1,1,1,1,1,1,1,1,1,1,1,1,1,1,1,1,1,1,1,1,1,1,1,1,1,1,1,1,1,1,1,1,1,1,1,1,1,1,1,1,1,1,1,1,1,1,1,1,1,1,1,1,1,1,1,1,1,1,1,1,1,1,1,1,1,1,1,1,1,1,1,1,1,1,1,1,1,1,1,1,1,1,1,1,1,1,1,1,1,1,1,1,1,1,1,1,1,1,1,1,1,1,1,1,1,1,1,1,1,1,1,1,1,1,1,1,1,1,1,1,1,1,1,1,1,1,1,1,1,1,1,1,1,1,1,1,1,1,1,1,1,1,1,1,1,1,1,1,1,1,1,1,1,1,1,1,1,1,1,1,1,1,1,1,1,1,1,1,1,1,1,1,1,1,1,1,1,1,1,1,1,1,1,1,1,1,1,1,1,1,1,1,1,1,1,1,1,1,1,1,1,1,1,1,1,1,1,1,1,1,1,1,1,1,1,1,1,1,1,1,1,1,1,1,1,1,1,1,1,1,1,1,1,1,1,1,1,1,1,1,1,1,1,1,1,1,1,1,1,1,1,1,1,1,1,1,1,1,1,1,1,1,1,1,1,1,1,1,1,1,1,1,1,1,1,1,1,1,1,1,1,1,1,1,1,1,1,1,1,1,1,1,1,1,1,1,1,1,1,1,1,1,1,1,1,1,1,1,1,1,1,1,1,1,1,1,1,1,1,1,1,1,1,1,1,1,1,1,1,1,1,1,1,1,1,1,1,1,1,1,1,1,1,1,1,1,1,1,1,1,1,1,1,1,1,1,1,1,1,1,1,1,1,1,1,1,1,1,1,1,1,1,1,1,1,1,1,1,1,1,1,1,1,1,1,1,1,1,1,1,1,1,1,1,1,1,1,1,1,1,1,1,1,1,1,1,1,1,1,1,1,1,1,1,1,1,1,1,1,1,1,1,1,1,1,1,1,1,1,1,1,1,1,1,1,1,1,1,1,1,1,1,1,1,1,1,1,1,1,1,1,1,1,1,1,1,1,1,1,1,1,1,1,1,1,1,1,1,1,1,1,1,1,1,1,1,1,1,1,1,1,1,1,1,1,1,1,1,1,1,1,1,1,1,1,1,1,1,1,1,1,1,1,1,1,1,1,1,1,1,1,1,1,1,1,1,1,1,1,1,1,1,1,1,1,1,1,1,1,1,1,1,1,1,1,1,1,1,1,1,1,1,1,1,1,1,1,1,1,1,1,1,1,1,1,1,1,1,1,1,1,1,1,1,1,1,1,1,1,1,1,1,1,1,1,1,1,1,1,1,1,1,1,1,1,1,1,1,1,1,1,1,1,1,1,1,1,1,1,1,1,1,1,1,1,1,1,1,1,1,1,1,1,1,1,1,1,1,1,1,1,1,1,1,1,1,1,1,1,1,1,1,1,1,1,1,1,1,1,1,1
"""

You are playing: TonyIsGod
You lost this match
Your game win count:        8
Opponent game win count:   22
Put the 4 lines between the """ characters in a file to watch a replay
You are the red player in the closest scoring round replay from this match:
"""
24
1646374798275
3,3,3,4,4,4,5,1,1,4,4,4,5,0,3,4,4,4,5,1,1,1,1,1,4,4,4,5,1,1,4,4,4,5,0,2,2,2,2,0,0,0,0,0,0,0,2,2,1,2,1,1,2,1,2,1,1,8,8,8,8,3,3,4,5,0,4,5,0,4,5,0,4,5,2,4,5,3,0,3,0,0,3,3,2,2,1,1,2,2,1,1,2,1,1,8,8,1,2,2,1,1,4,4,4,5,2,0,2,4,4,4,5,2,2,2,2,2,2,4,4,4,5,0,4,4,4,5,0,0,4,4,4,5,1,3,3,1,3,1,1,1,1,1,3,0,3,3,0,0,0,0,3,3,3,8,8,8,8,0,0,0,0,0,0,0,0,0,0,0,0,0,0,0,0,0,0,0,0,0,0,0,0,0,0,0,0,0,0,0,0,0,0,0,0,0,0,0,0,0,0,0,0,0,0,0,0,0,0,0,0,0,0,0,0,0,0,0,0,0,0,0,0,0,0,0,0,0,0,0,0,0,0,0,0,0,0,0,0,0,0,0,0,0,0,0,0,0,0,0,0,0,0,0,0,0,0,0,0,0,0,0,0,0,0,0,0,0,0,0,0,0,0,0,0,0,0,0,0,0,0,0,0,0,0,0,0,0,0,0,0,0,0,0,0,0,0,0,0,0,0,0,0,0,0,0,0,0,0,0,0,0,0,0,0,0,0,0,0,0,0,0,0,0,0,0,0,0,0,0,0,0,0,0,0,0,0,0,0,0,0,0,0,0,0,0,0,0,0,0,0,0,0,0,0,0,0,0,0,0,0,0,0,0,0,0,0,0,0,0,0,0,0,0,0,0,0,0,0,0,0,0,0,0,0,0,0,0,0,0,0,0,0,0,0,0,0,0,0,0,0,0,0,0,0,0,0,0,0,0,0,0,0,0,0,0,0,0,0,0,0,0,0,0,0,0,0,0,0,0,0,0,0,0,0,0,0,0,0,0,0,0,0,0,0,0,0,0,0,0,0,0,0,0,0,0,0,0,0,0,0,0,0,0,0,0,0,0,0,0,0,0,0,0,0,0,0,0,0,0,0,0,0,0,0,0,0,0,0,0,0,0,0,0,0,0,0,0,0,0,0,0,0,0,0,0,0,0,0,0,0,0,0,0,0,0,0,0,0,0,0,0,0,0,0,0,0,0,0,0,0,0,0,0,0,0,0,0,0,0,0,0,0,0,0,0,0,0,0,0,0,0,0,0,0,0,0,0,0,0,0,0,0,0,0,0,0,0,0,0,0,0,0,0,0,0,0,0,0,0,0,0,0,0,0,0,0,0,0,0,0,0,0,0,0,0,0,0,0,0,0,0,0,0,0,0,0,0,0,0,0,0,0,0,0,0,0,0,0,0,0,0,0,0,0,0,0,0,0,0,0,0,0,0,0,0,0,0,0,0,0,0,0,0,0,0,0,0,0,0,0,0,0,0,0,0,0,0,0,0,0,0,0,0,0,0,0,0,0,0,0,0,0,0,0,0,0,0,0,0,0,0,0,0,0,0,0,0,0,0,0,0,0,0,0,0,0,0,0,0,0,0,0,0,0,0,0,0,0,0,0,0,0,0,0,0,0,0,0,0,0,0,0,0,0,0,0,0,0,0,0,0,0,0,0,0,0,0,0,0,0,0,0,0,0,0,0,0,0,0,0,0,0,0,0,0,0,0,0,0,0,0,0,0,0,0,0,0,0,0,0,0,0,0,0,0,0,0,0,0,0,0,0,0,0,0,0,0,0,0,0,0,0,0,0,0,0,0,0,0,0,0,0,0,0,0,0,0,0,0,0,0,0,0,0,0,0,0,0,0,0,0,0,0,0,0,0,0,0,0,0,0,0,0,0,0,0,0,0,0,0,0,0,0,0,0,0,0,0,0,0,0,0,0,0,0,0,0,0,0,0,0,0,0,0,0,0,0,0,0,0,0,0,0,0,0,0,0,0,0,0,0,0,0,0,0,0,0,0,0,0,0,0,0,0,0,0,0,0,0,0,0,0,0,0,0,0,0,0,0,0,0,0,0,0,0,0,0,0,0,0,0,0,0,0,0,0,0,0,0,0,0,0,0,0,0,0,0,0,0,0,0,0,0,0,0,0,0,0,0,0,0,0,0,0,0,0,0,0,0,0,0,0,0,0,0,0,0,0,0,0,0,0,0,0,0,0,0,0,0,0,0,0,0,0,0,0,0,0,0,0,0,0,0,0,0,0,0,0,0
0,4,4,4,5,3,4,4,5,3,3,4,5,3,3,4,4,5,3,4,4,5,1,2,2,2,2,2,2,1,1,3,4,4,5,3,4,4,5,3,4,4,5,3,4,4,4,5,3,4,4,4,5,0,0,2,2,2,2,2,1,1,1,4,4,5,1,3,4,5,3,4,5,3,4,5,1,4,5,0,0,0,0,0,2,2,2,0,0,0,4,4,4,5,3,3,3,4,4,4,5,3,4,4,4,5,1,4,4,5,3,3,4,4,5,1,1,2,2,2,2,2,2,1,2,2,4,4,4,5,1,1,4,4,5,1,1,4,4,5,1,4,4,5,3,4,4,5,0,1,3,3,3,3,3,3,3,8,8,8,8,8,8,8,8,8,1,1,1,1,1,1,1,1,1,1,1,1,1,1,1,1,1,1,1,1,1,1,1,1,1,1,1,1,1,1,1,1,1,1,1,1,1,1,1,1,1,1,1,1,1,1,1,1,1,1,1,1,1,1,1,1,1,1,1,1,1,1,1,1,1,1,1,1,1,1,1,1,1,1,1,1,1,1,1,1,1,1,1,1,1,1,1,1,1,1,1,1,1,1,1,1,1,1,1,1,1,1,1,1,1,1,1,1,1,1,1,1,1,1,1,1,1,1,1,1,1,1,1,1,1,1,1,1,1,1,1,1,1,1,1,1,1,1,1,1,1,1,1,1,1,1,1,1,1,1,1,1,1,1,1,1,1,1,1,1,1,1,1,1,1,1,1,1,1,1,1,1,1,1,1,1,1,1,1,1,1,1,1,1,1,1,1,1,1,1,1,1,1,1,1,1,1,1,1,1,1,1,1,1,1,1,1,1,1,1,1,1,1,1,1,1,1,1,1,1,1,1,1,1,1,1,1,1,1,1,1,1,1,1,1,1,1,1,1,1,1,1,1,1,1,1,1,1,1,1,1,1,1,1,1,1,1,1,1,1,1,1,1,1,1,1,1,1,1,1,1,1,1,1,1,1,1,1,1,1,1,1,1,1,1,1,1,1,1,1,1,1,1,1,1,1,1,1,1,1,1,1,1,1,1,1,1,1,1,1,1,1,1,1,1,1,1,1,1,1,1,1,1,1,1,1,1,1,1,1,1,1,1,1,1,1,1,1,1,1,1,1,1,1,1,1,1,1,1,1,1,1,1,1,1,1,1,1,1,1,1,1,1,1,1,1,1,1,1,1,1,1,1,1,1,1,1,1,1,1,1,1,1,1,1,1,1,1,1,1,1,1,1,1,1,1,1,1,1,1,1,1,1,1,1,1,1,1,1,1,1,1,1,1,1,1,1,1,1,1,1,1,1,1,1,1,1,1,1,1,1,1,1,1,1,1,1,1,1,1,1,1,1,1,1,1,1,1,1,1,1,1,1,1,1,1,1,1,1,1,1,1,1,1,1,1,1,1,1,1,1,1,1,1,1,1,1,1,1,1,1,1,1,1,1,1,1,1,1,1,1,1,1,1,1,1,1,1,1,1,1,1,1,1,1,1,1,1,1,1,1,1,1,1,1,1,1,1,1,1,1,1,1,1,1,1,1,1,1,1,1,1,1,1,1,1,1,1,1,1,1,1,1,1,1,1,1,1,1,1,1,1,1,1,1,1,1,1,1,1,1,1,1,1,1,1,1,1,1,1,1,1,1,1,1,1,1,1,1,1,1,1,1,1,1,1,1,1,1,1,1,1,1,1,1,1,1,1,1,1,1,1,1,1,1,1,1,1,1,1,1,1,1,1,1,1,1,1,1,1,1,1,1,1,1,1,1,1,1,1,1,1,1,1,1,1,1,1,1,1,1,1,1,1,1,1,1,1,1,1,1,1,1,1,1,1,1,1,1,1,1,1,1,1,1,1,1,1,1,1,1,1,1,1,1,1,1,1,1,1,1,1,1,1,1,1,1,1,1,1,1,1,1,1,1,1,1,1,1,1,1,1,1,1,1,1,1,1,1,1,1,1,1,1,1,1,1,1,1,1,1,1,1,1,1,1,1,1,1,1,1,1,1,1,1,1,1,1,1,1,1,1,1,1,1,1,1,1,1,1,1,1,1,1,1,1,1,1,1,1,1,1,1,1,1,1,1,1,1,1,1,1,1,1,1,1,1,1,1,1,1,1,1,1,1,1,1,1,1,1,1,1,1,1,1,1,1,1,1,1,1,1,1,1,1,1,1,1,1,1,1,1,1,1,1,1,1,1,1,1,1,1,1,1,1,1,1,1,1,1,1,1,1,1
"""

You are playing: kyluo Strategy
You lost this match
Your game win count:        2
Opponent game win count:   28
Put the 4 lines between the """ characters in a file to watch a replay
You are the red player in the closest scoring round replay from this match:
"""
20
1646374800463
3,4,4,4,5,3,3,4,4,4,5,2,1,1,4,4,4,5,1,3,3,4,4,4,5,1,4,4,4,5,0,0,0,0,2,2,2,2,1,1,2,2,2,2,1,1,1,8,8,8,0,0,0,0,4,4,5,0,0,4,4,5,1,2,4,4,5,2,4,4,5,0,4,4,5,1,3,3,3,3,3,3,1,2,1,1,2,1,1,2,2,8,8,8,3,0,0,0,4,4,4,5,0,2,0,4,4,4,5,0,0,3,4,4,4,5,0,2,2,4,4,4,5,3,3,3,3,4,4,4,5,3,1,1,1,1,1,2,2,2,1,1,2,1,8,8,8,3,3,3,3,4,4,5,0,4,4,5,0,0,4,4,5,2,4,4,5,0,2,0,2,4,4,5,3,3,3,1,1,1,1,2,2,2,2,1,8,8,2,1,2,1,1,4,4,4,5,2,2,1,1,1,1,4,4,4,5,1,4,4,4,5,2,0,2,4,4,4,5,2,0,4,4,4,5,0,3,0,3,0,3,3,0,0,3,3,8,8,8,1,1,1,1,4,4,5,3,4,4,5,1,3,4,4,5,3,4,4,5,1,3,4,4,4,5,0,2,2,0,2,2,2,2,2,2,2,3,3,3,0,0,0,0,3,3,8,8,8,1,3,1,1,3,3,3,3,3,4,4,4,5,3,3,4,4,4,5,0,0,3,0,0,4,4,4,5,2,2,2,2,2,4,5,0,4,5,3,0,0,0,0
0,4,4,4,5,0,3,4,4,4,5,0,4,4,4,5,3,0,3,3,4,4,4,5,3,4,4,4,5,1,2,1,2,1,2,1,2,2,2,2,4,4,5,1,1,4,5,1,4,5,3,4,4,5,1,4,5,0,3,0,0,0,1,1,1,1,4,4,5,1,4,4,5,1,1,4,4,5,2,2,4,4,5,1,4,4,4,5,3,0,3,0,0,0,0,0,0,0,3,3,4,5,3,1,4,5,1,4,5,1,4,5,2,4,5,0,2,0,2,0,2,1,2,1,2,1,1,1,4,4,4,5,3,3,3,3,4,5,3,4,5,3,4,5,3,3,8,8,8,8,8,8,8,8,8,3,0,0,4,5,0,2,0,2,0,2,2,2,2,3,1,1,1,4,4,5,3,1,4,5,1,1,4,5,1,4,5,1,4,5,2,0,2,0,0,0,0,0,0,0,2,1,2,1,2,1,2,1,1,1,1,4,4,4,5,1,3,1,3,1,3,1,1,1,3,1,3,3,4,4,5,3,4,4,5,0,4,4,5,0,4,5,1,3,3,3,3,3,3,3,3,3,3,3,3,0,4,4,5,0,4,5,0,4,4,4,5,2,4,4,5,2,4,5,0,2,2,8,8,8,8,8,8,8,8,3,1,3,1,3,1,3,1,1,4,4,4,5,1,4,4,4,5,3,0,3,0,3,0,3,0,0,0,0,0,0,2,2,2,2,2,4,5,2,4,5,2,4,5,3,1
"""

You are playing: UserStrategy
You lost this match
Your game win count:        2
Opponent game win count:   28
Put the 4 lines between the """ characters in a file to watch a replay
You are the blue player in the closest scoring round replay from this match:
"""
20
1646374802970
2,4,4,5,0,0,4,4,4,5,2,4,4,5,0,4,4,4,5,2,1,4,4,5,3,3,3,1,1,8,3,3,1,4,4,4,5,0,0,4,4,4,5,2,2,2,2,4,5,2,1,4,4,5,1,4,4,5,3,3,3,0,8,1,1,1,4,4,5,3,4,4,5,1,4,4,5,3,4,4,5,1,4,4,4,5,2,2,0,0,0,0,0,8,1,1,1,1,4,5,2,4,4,4,5,2,4,4,4,5,1,4,5,3,4,5,3,0,0,0,0,0,8,2,2,1,1,4,5,2,2,1,1,1,8,8,8,8,8,8,8,8,8,3,4,5,0,4,5,0,4,5,2,4,5,3,3,3,3,0,0,0,8,1,1,1,1,1,1,4,4,5,2,4,5,2,4,5,1,4,5,2,4,5,3,3,3,0,0,0,0,0,0,0,8,2,2,2,2,2,1,4,5,1,4,5,2,1,4,5,2,4,5,1,4,5,2,2,2,1,1,1,1,1,1,8,2,4,4,4,5,2,4,4,4,5,0,4,4,4,5,0,4,4,4,5,3,0,0,4,4,5,3,1,1,1,1,8,3,3,3,3,3,3,3,3,3,0,0,0,0,8,8,8,8,8,8,8,8,8,1,1,4,5,1,4,5,3,4,5,3,4,5,2,2,2,4,5,2,2,2,2,1
2,2,4,4,4,5,1,1,2,1,1,1,4,4,4,5,1,4,4,4,5,0,2,4,4,4,5,1,3,1,3,4,4,4,5,0,3,0,0,0,0,0,0,3,1,3,3,3,3,1,3,1,1,1,8,8,8,8,0,0,0,0,3,4,4,5,1,4,5,2,0,0,0,4,4,5,2,1,2,4,4,5,2,2,4,4,5,2,3,1,3,1,1,3,3,1,1,3,8,8,8,1,1,2,4,4,4,5,1,4,4,4,5,3,1,1,4,4,4,5,1,1,1,4,4,4,5,2,4,4,4,5,3,0,0,0,3,3,3,3,3,2,0,0,2,0,0,2,2,8,8,8,1,1,1,1,4,4,5,0,3,0,3,4,4,5,0,3,4,4,5,3,1,4,4,5,0,3,4,4,5,2,1,1,1,0,0,0,2,0,0,2,2,2,8,8,8,3,1,1,4,4,4,5,1,1,1,1,1,4,4,4,5,3,3,4,4,4,5,0,0,4,4,4,5,3,3,4,4,4,5,0,2,0,0,0,2,2,0,2,2,8,8,1,2,1,2,2,4,4,5,2,4,4,5,1,2,1,4,4,5,3,1,1,4,4,5,1,3,1,3,3,3,4,4,5,3,3,0,0,3,0,0,3,2,0,0,2,2,0,2,0,8,8,8,8,3,3,3,0,3,3,3
"""

You are playing: SmartStrategy1
You lost this match
Your game win count:        4
Opponent game win count:   26
Put the 4 lines between the """ characters in a file to watch a replay
You are the blue player in the closest scoring round replay from this match:
"""
20
1646374805061
2,4,4,5,1,4,4,5,1,1,4,5,3,4,4,5,1,4,4,5,0,0,0,0,3,0,4,4,4,5,1,1,1,4,4,5,3,1,4,4,4,5,2,1,1,4,4,5,3,1,4,4,4,5,2,2,0,0,0,0,0,0,2,2,2,1,4,4,5,1,4,5,1,4,5,3,4,5,1,4,5,3,3,0,0,0,0,2,2,2,2,4,4,5,1,4,5,1,1,1,1,1,4,5,3,1,4,5,3,1,4,5,3,3,0,0,0,0,0,2,1,1,1,1,1,4,5,3,2,2,2,2,8,8,8,8,8,8,8,8,8,3,1,4,5,1,4,5,3,4,5,2,1,4,5,2,2,2,2,2,2,2,1,1,1,4,4,4,5,1,1,4,4,4,5,3,4,4,4,5,3,4,4,4,5,3,4,4,4,5,2,2,2,0,0,0,0,4,5,0,4,4,4,5,3,4,4,5,3,4,5,3,4,5,2,2,2,1,1,3,3,4,5,3,4,4,5,3,4,4,5,0,4,4,5,3,4,5,2,2,2,2,2,1,2,2,0,4,4,4,5,0,0,4,4,5,3,4,4,5,2,2,4,5,3,3,3,3,3,4,5,2,2,1,1,1
1,2,4,4,4,5,2,4,4,4,5,1,1,4,4,4,5,2,4,4,4,5,1,4,4,4,5,3,0,3,3,0,0,0,3,3,3,1,1,1,3,3,1,1,8,8,2,2,0,4,4,5,0,0,0,4,4,5,3,3,4,4,4,5,0,4,5,1,1,4,5,2,0,2,2,0,2,2,1,3,1,3,1,3,1,1,3,3,8,8,8,0,3,0,0,4,4,4,5,1,1,1,1,1,1,1,1,1,1,1,4,4,4,5,3,4,4,4,5,3,4,4,4,5,3,3,0,4,4,4,5,0,0,0,2,2,0,2,0,0,2,8,8,2,1,1,4,4,5,1,1,4,4,5,1,4,4,5,3,4,4,5,3,1,4,4,5,3,0,3,3,0,2,2,2,0,2,0,0,0,8,8,3,3,3,3,3,3,3,4,4,4,5,3,4,4,4,5,2,2,2,2,4,4,5,1,4,4,5,3,1,4,4,5,2,1,1,2,2,2,0,2,0,0,0,8,8,8,1,2,1,1,1,1,1,1,1,4,4,4,5,2,4,4,4,5,0,4,4,4,5,2,0,4,4,4,5,1,1,4,4,4,5,0,3,3,0,3,3,3,3,0,3,0,0,2
"""

You are playing: Jonathan Kim
You lost this match
Your game win count:        8
Opponent game win count:   22
Put the 4 lines between the """ characters in a file to watch a replay
You are the blue player in the closest scoring round replay from this match:
"""
20
1646374807486
3,0,4,5,2,2,4,4,5,0,4,4,5,2,2,4,4,4,5,2,2,4,4,4,5,3,3,3,3,3,1,1,2,2,4,4,5,1,1,4,5,2,4,5,1,4,5,1,4,5,3,3,3,0,0,0,0,3,1,1,1,4,4,5,2,1,4,4,5,2,4,5,2,4,4,5,1,4,5,3,3,0,0,0,0,0,2,2,2,2,4,4,5,1,1,4,5,2,4,5,1,4,5,2,2,4,5,3,3,3,3,3,3,3,0,0,0,1,1,1,1,1,4,4,5,2,4,4,4,5,1,4,4,5,2,4,5,1,4,5,2,2,0,8,8,3,3,3,3,0,0,0,0,0,0,3,3,3,1,1,4,4,4,5,1,4,4,4,5,2,2,2,2,2,2,2,1,1,8,3,1,4,5,1,4,5,1,4,5,2,0,0,8,3,3,3,3,0,0,0,0,0,0,1,1,1,1,1,1,1,4,4,5,3,4,4,5,2,2,2,2,2,0,8,1,4,5,1,4,5,1,4,5,0,0,0,3,3,3,3,0,0,0,0,0,0,2,2,2,2,1,1,1,1,1,8,2,1,1,1,4,5,1,4,5,2,4,5,0,4,5,0,4,5,2,2,2,2,1,1,1,0,4,4,5,0,4,5,3,4,4,5,0,4,5,0,4,5,3,3,3,3,8,2,2,2,2,2,1,1,1,1
2,4,4,4,5,0,4,4,4,5,1,1,4,4,4,5,0,2,2,4,4,4,5,1,1,2,4,4,4,5,0,3,0,3,3,3,3,1,1,3,3,3,3,1,1,1,8,8,8,2,2,1,4,4,5,2,0,0,2,4,4,5,0,4,4,5,0,4,4,5,0,4,4,5,2,0,3,1,1,1,1,3,3,3,1,3,8,8,0,0,2,4,4,4,5,0,3,0,4,4,4,5,0,0,4,4,4,5,0,0,0,4,4,4,5,1,1,2,2,4,4,4,5,2,2,2,1,1,3,3,3,3,3,1,1,1,1,1,8,8,8,0,0,2,0,0,4,4,5,0,0,4,4,5,2,2,2,4,4,5,1,1,1,1,1,1,4,4,4,5,3,4,4,4,5,2,0,0,0,2,0,0,1,1,1,1,1,3,3,3,3,3,8,8,8,8,1,1,1,1,1,1,1,1,4,4,4,5,1,4,4,4,5,3,3,4,4,4,5,0,2,2,2,2,4,4,4,5,2,2,4,4,4,5,0,0,3,3,0,3,3,3,3,3,3,3,0,0,0,0,2,2,2,2,8,8,8,8,2,1,1,1,1,1,1,1,1,1,4,4,5,1,4,4,5,2,4,4,5,1,4,4,5,3,0,3,3,3,4,4,5,3,0,3,0,0,0,2,2,2,2,0,8,8,3,3,1,1,3,1,3,3
"""

You are playing: FastStrategy
You won this match
Your game win count:       30
Opponent game win count:    0
Put the 4 lines between the """ characters in a file to watch a replay
You are the blue player in the closest scoring round replay from this match:
"""
28
1646374812199
3,4,4,5,1,1,2,4,4,5,1,3,3,2,2,2,1,4,4,5,1,3,2,1,3,3,4,4,5,1,4,4,5,2,0,0,0,0,0,0,0,2,1,3,3,3,1,4,4,5,2,2,3,3,2,1,1,3,3,4,4,5,3,4,4,4,5,2,2,2,1,1,1,1,3,4,4,5,2,2,1,2,4,5,3,0,0,0,0,0,0,0,0,0,1,1,1,2,2,3,3,2,2,2,2,2,2,1,1,1,1,1,8,8,8,8,8,8,8,8,8,1,3,2,1,1,2,2,4,5,1,4,5,3,4,5,3,4,5,2,1,4,5,2,2,2,2,2,2,2,1,1,2,1,2,2,1,3,4,4,4,5,3,3,3,4,4,4,5,2,1,2,3,2,1,1,3,3,4,4,4,5,1,2,3,3,3,3,4,4,4,5,3,3,4,4,4,5,2,2,2,2,2,2,0,0,0,0,0,0,3,1,3,4,4,5,3,4,5,1,4,4,5,3,3,1,2,1,2,3,3,3,3,0,0,0,0,0,0,0,0,0,0,0,0,0,0,0,0,0,0,0,0,0,0,0,0,0,0,0,0,0,0,0,0,0,0,0,0,0,0,0,0,0,0,0,0,0,0,0,0,0,0,0,0,0,0,0,0,0,0,0,0,0,0,0,0,0,0,0,0,0,0,0,0,0,0,0,0,0,0,0,0,0,0,0,0,0,0,0,0,0,0,0,0,0,0,0,0,0,0,0,0,0,0,0,0,0,0,0,0,0,0,0,0,0,0,0,0,0,0,0,0,0,0,0,0,0,0,0,0,0,0,0,0,0,0,0,0,0,0,0,0,0,0,0,0,0,0,0,0,0,0,0,0,0,0,0,0,0,0,0,0,0,0,0,0,0,0,0,0,0,0,0,0,0,0,0,0,0,0,0,0,0,0,0,0,0,0,0,0,0,0,0,0,0,0,0,0,0,0,0,0,0,0,0,0,0,0,0,0,0,0,0,0,0,0,0,0,0,0,0,0,0,0,0,0,0,0,0,0,0,0,0,0,0,0,0,0,0,0,0,0,0,0,0,0,0,0,0,0,0,0,0,0,0,0,0,0,0,0,0,0,0,0,0,0,0,0,0,0,0,0,0,0,0,0,0,0,0,0,0,0,0,0,0,0,0,0,0,0,0,0,0,0,0,0,0,0,0,0,0,0,0,0,0,0,0,0,0,0,0,0,0,0,0,0,0,0,0,0,0,0,0,0,0,0,0,0,0,0,0,0,0,0,0,0,0,0,0,0,0,0,0,0,0,0,0,0,0,0,0,0,0,0,0,0,0,0,0,0,0,0,0,0,0,0,0,0,0,0,0,0,0,0,0,0,0,0,0,0,0,0,0,0,0,0,0,0,0,0,0,0,0,0,0,0,0,0,0,0,0,0,0,0,0,0,0,0,0,0,0,0,0,0,0,0,0,0,0,0,0,0,0,0,0,0,0,0,0,0,0,0,0,0,0,0,0,0,0,0,0,0,0,0,0,0,0,0,0,0,0,0,0,0,0,0,0,0,0,0,0,0,0,0,0,0,0,0,0,0,0,0,0,0,0,0,0,0,0,0,0,0,0,0,0,0,0,0,0,0,0,0,0,0,0,0,0,0,0,0,0,0,0,0,0,0,0,0,0,0,0,0,0,0,0,0,0,0,0,0,0,0,0,0,0,0,0,0,0,0,0,0,0,0,0,0,0,0,0,0,0,0,0,0,0,0,0,0,0,0,0,0,0,0,0,0,0,0,0,0,0,0,0,0,0,0,0,0,0,0,0,0,0,0,0,0,0,0,0,0,0,0,0,0,0,0,0,0,0,0,0,0,0,0,0,0,0,0,0,0,0,0,0,0,0,0,0,0,0,0,0,0,0,0,0,0,0,0,0,0,0,0,0,0,0,0,0,0,0,0,0,0,0,0,0,0,0,0,0,0,0,0,0,0,0,0,0,0,0,0,0,0,0,0,0,0,0,0,0,0,0,0,0,0,0,0,0,0,0,0,0,0,0,0,0,0,0,0,0,0,0,0,0,0,0,0,0,0,0,0,0,0,0,0,0,0,0,0,0,0,0,0,0,0,0,0,0,0,0,0,0,0,0,0,0,0,0,0,0,0,0,0,0,0,0,0,0,0,0,0,0,0,0,0,0,0,0,0,0,0,0,0,0,0,0,0,0,0,0,0,0,0,0,0,0,0,0,0,0,0,0,0,0,0,0,0,0,0,0
0,0,4,4,4,5,0,4,4,4,5,3,1,4,4,4,5,3,3,0,4,4,4,5,0,3,3,4,4,4,5,2,2,1,2,2,1,1,2,1,3,3,3,1,3,1,3,1,3,3,1,1,1,1,8,8,8,8,0,0,0,0,4,5,2,0,0,4,4,4,5,2,4,4,4,5,0,0,0,3,4,4,4,5,0,0,3,3,4,4,4,5,2,2,1,2,2,1,2,2,2,1,2,1,1,3,3,1,1,3,1,1,3,3,3,3,1,1,8,8,8,8,8,0,2,0,0,4,5,2,4,5,0,4,5,0,4,5,2,4,5,2,0,2,2,2,0,3,3,1,3,3,1,1,1,1,3,1,3,1,3,8,8,8,3,3,3,3,3,4,4,4,5,1,1,1,1,4,4,4,5,3,3,3,3,3,4,4,4,5,1,4,4,4,5,3,4,4,4,5,1,2,2,1,2,2,0,2,0,2,0,2,0,0,2,2,2,0,8,8,8,8,1,1,1,1,4,4,5,1,3,4,4,5,2,2,1,1,1,1,1,1,1,1,1,1,1,1,1,1,1,1,1,1,1,1,1,1,1,1,1,1,1,1,1,1,1,1,1,1,1,1,1,1,1,1,1,1,1,1,1,1,1,1,1,1,1,1,1,1,1,1,1,1,1,1,1,1,1,1,1,1,1,1,1,1,1,1,1,1,1,1,1,1,1,1,1,1,1,1,1,1,1,1,1,1,1,1,1,1,1,1,1,1,1,1,1,1,1,1,1,1,1,1,1,1,1,1,1,1,1,1,1,1,1,1,1,1,1,1,1,1,1,1,1,1,1,1,1,1,1,1,1,1,1,1,1,1,1,1,1,1,1,1,1,1,1,1,1,1,1,1,1,1,1,1,1,1,1,1,1,1,1,1,1,1,1,1,1,1,1,1,1,1,1,1,1,1,1,1,1,1,1,1,1,1,1,1,1,1,1,1,1,1,1,1,1,1,1,1,1,1,1,1,1,1,1,1,1,1,1,1,1,1,1,1,1,1,1,1,1,1,1,1,1,1,1,1,1,1,1,1,1,1,1,1,1,1,1,1,1,1,1,1,1,1,1,1,1,1,1,1,1,1,1,1,1,1,1,1,1,1,1,1,1,1,1,1,1,1,1,1,1,1,1,1,1,1,1,1,1,1,1,1,1,1,1,1,1,1,1,1,1,1,1,1,1,1,1,1,1,1,1,1,1,1,1,1,1,1,1,1,1,1,1,1,1,1,1,1,1,1,1,1,1,1,1,1,1,1,1,1,1,1,1,1,1,1,1,1,1,1,1,1,1,1,1,1,1,1,1,1,1,1,1,1,1,1,1,1,1,1,1,1,1,1,1,1,1,1,1,1,1,1,1,1,1,1,1,1,1,1,1,1,1,1,1,1,1,1,1,1,1,1,1,1,1,1,1,1,1,1,1,1,1,1,1,1,1,1,1,1,1,1,1,1,1,1,1,1,1,1,1,1,1,1,1,1,1,1,1,1,1,1,1,1,1,1,1,1,1,1,1,1,1,1,1,1,1,1,1,1,1,1,1,1,1,1,1,1,1,1,1,1,1,1,1,1,1,1,1,1,1,1,1,1,1,1,1,1,1,1,1,1,1,1,1,1,1,1,1,1,1,1,1,1,1,1,1,1,1,1,1,1,1,1,1,1,1,1,1,1,1,1,1,1,1,1,1,1,1,1,1,1,1,1,1,1,1,1,1,1,1,1,1,1,1,1,1,1,1,1,1,1,1,1,1,1,1,1,1,1,1,1,1,1,1,1,1,1,1,1,1,1,1,1,1,1,1,1,1,1,1,1,1,1,1,1,1,1,1,1,1,1,1,1,1,1,1,1,1,1,1,1,1,1,1,1,1,1,1,1,1,1,1,1,1,1,1,1,1,1,1,1,1,1,1,1,1,1,1,1,1,1,1,1,1,1,1,1,1,1,1,1,1,1,1,1,1,1,1,1,1,1,1,1,1,1,1,1,1,1,1,1,1,1,1,1,1,1,1,1,1,1,1,1,1,1,1,1,1,1,1,1,1,1,1,1,1,1,1,1,1,1,1,1,1,1,1,1,1,1,1,1,1,1,1,1,1,1,1,1,1,1,1,1,1,1,1,1,1,1,1,1,1,1,1,1,1,1,1,1,1,1,1,1,1,1,1,1,1,1,1,1,1,1,1,1,1,1,1,1,1,1,1,1,1,1,1,1,1,1,1,1,1,1,1,1,1,1
"""

Your placement is: 14 / 22
Top 4 strategies:
CompetitionStrategy in place 4
JoJoBizarreStrategy in place 3
my stg in place 2
kyluo Strategy in place 1
Congratulations to the winner: kyluo Strategy
